"daynum","ind.derm.exp1","ind.derm.exp2","ind.derm.exp3","ind.derm.exp4","ind.derm.exp5","ind.derm.pr.exp1","ind.derm.pr.exp2","ind.derm.pr.exp3","ind.derm.pr.exp4","ind.derm.pr.exp5","ind.derm.ar.exp1","ind.derm.ar.exp2","ind.derm.ar.exp3","ind.derm.ar.exp4","ind.derm.ar.exp5","ind.derm.max1","ind.derm.max2","ind.derm.max3","ind.derm.max4","ind.derm.max5","ind.derm.abs1","ind.derm.abs2","ind.derm.abs3","ind.derm.abs4","ind.derm.abs5","ind.inhal.exp1","ind.inhal.exp2","ind.inhal.exp3","ind.inhal.exp4","ind.inhal.exp5","ind.inhal.pr.exp1","ind.inhal.pr.exp2","ind.inhal.pr.exp3","ind.inhal.pr.exp4","ind.inhal.pr.exp5","ind.inhal.ar.exp1","ind.inhal.ar.exp2","ind.inhal.ar.exp3","ind.inhal.ar.exp4","ind.inhal.ar.exp5","ind.inhal.amb.in1","ind.inhal.amb.in2","ind.inhal.amb.in3","ind.inhal.amb.in4","ind.inhal.amb.in5","ind.inhal.amb.out1","ind.inhal.amb.out2","ind.inhal.amb.out3","ind.inhal.amb.out4","ind.inhal.amb.out5","ind.inhal.max1","ind.inhal.max2","ind.inhal.max3","ind.inhal.max4","ind.inhal.max5","ind.inhal.mass1","ind.inhal.mass2","ind.inhal.mass3","ind.inhal.mass4","ind.inhal.mass5","ind.inhal.abs1","ind.inhal.abs2","ind.inhal.abs3","ind.inhal.abs4","ind.inhal.abs5","ind.ingest.exp1","ind.ingest.exp2","ind.ingest.exp3","ind.ingest.exp4","ind.ingest.exp5","ind.ingest.abs1","ind.ingest.abs2","ind.ingest.abs3","ind.ingest.abs4","ind.ingest.abs5"
1,0,0,0,0,0,0,0,0,0,0,0,0,0,0,0,0,0,0,0,0,0,0,0,0,0,0,0,0,0,0,0,0,0,0,0,0,0,0,0,0,0,0,0,0,0,0,0,0,0,0,0,0,0,0,0,0,0,0,0,0,0,0,0,0,0,0,0,0,0,0,0,0,0,0,0
2,0,0,0,0,0,0,0,0,0,0,0,0,0,0,0,0,0,0,0,0,0,0,0,0,0,0,0,0,0,0,0,0,0,0,0,0,0,0,0,0,0,0,0,0,0,0,0,0,0,0,0,0,0,0,0,0,0,0,0,0,0,0,0,0,0,0,0,0,0,0,0,0,0,0,0
3,0,0,0,0,0,0,0,0,0,0,0,0,0,0,0,0,0,0,0,0,0,0,0,0,0,0,0,0,4.7051898855102e-06,0,0,0,0,4.7051898855102e-06,0,0,0,0,0,0,0,0,0,0,0,0,0,0,0,0,0,0,0,7.92920239358097e-05,0,0,0,0,2.3525949427551e-05,0,0,0,0,3.76415190840816e-06,0,0,0,0,0,0,0,0,0,0,0
4,0,0,0,0.000441835871461996,0,0,0,0,0.000441835871461996,0,0,0,0,0,0,0,0,0,1.36606484005192e-07,0,0,0,0,3.60058596259327e-05,0,0,0,0,1.3918616534667e-06,0,0,0,0,1.3918616534667e-06,0,0,0,0,0,0,0,0,0,0,0,0,0,0,0,0,0,0,0,3.48131802140151e-06,0,0,0,0,1.05342510235447e-05,0,0,0,0,1.68548016376715e-06,0,0,0,0,2.01334614742873e-05,0,0,0,0,1.60829262283462e-05,0
5,0,0,0,0.000488893251700689,0,0,0,0,0.000488893251700689,0,0,0,0,0,0,0,0,0,1.33665549438048e-07,0,0,0,0,3.98406352443814e-05,0,0,0,0,1.23646991359429e-06,0,0,0,0,1.23646991359429e-06,0,0,0,0,0,0,0,0,0,0,0,0,0,0,0,0,0,0,0,1.27681946483732e-06,0,0,0,0,1.01384110685581e-05,0,0,0,0,1.62214577096929e-06,0,0,0,0,2.22777598740113e-05,0,0,0,0,1.7795825573467e-05,0
6,0,0,0,0.000668781097641171,0,0,0,0,0.000668781097641171,0,0,0,0,0,0,0,0,0,2.67548364575492e-07,0,0,0,0,5.44999622653236e-05,0,0,0,0,4.88880575450818e-06,0,0,0,0,4.88880575450818e-06,0,0,0,0,0,0,0,0,0,0,0,0,0,0,0,0,0,0,0,8.05516349264107e-05,0,0,0,0,4.90758939799654e-05,0,0,0,0,7.85214303679446e-06,0,0,0,0,3.04748422067588e-05,0,0,0,0,2.43437840858979e-05,0
7,0,0,0,0.000933844669045093,0,0,0,0,0.000933844669045093,0,0,0,0,0,0,0,0,0,2.63953596274456e-07,0,0,0,0,7.61003853191111e-05,0,0,0,0,2.43598170401953e-06,0,0,0,0,2.43598170401953e-06,0,0,0,0,0,0,0,0,0,0,0,0,0,0,0,0,0,0,0,2.52137590082101e-06,0,0,0,0,1.97366808986341e-05,0,0,0,0,3.15786894378145e-06,0,0,0,0,4.25531897285193e-05,0,0,0,0,3.39921583806454e-05,0
8,0,0,0,0.000895966285592803,0,0,0,0,0.000895966285592803,0,0,0,0,0,0,0,0,0,2.58036965294286e-07,0,0,0,0,7.30136197449907e-05,0,0,0,0,6.72352741683249e-06,0,0,0,0,6.72352741683249e-06,0,0,0,0,0,0,0,0,0,0,0,0,0,0,0,0,0,0,0,8.16209156554852e-05,0,0,0,0,4.08631078978381e-05,0,0,0,0,6.5380972636541e-06,0,0,0,0,4.08271574545405e-05,0,0,0,0,3.26133766065526e-05,0
9,0,0,0,0.00137010788273028,0,0,0,0,0.00137010788273028,0,0,0,0,0,0,0,0,0,3.89212222776003e-07,0,0,0,0,0.000111652120808425,0,0,0,0,4.02134973934609e-06,0,0,0,0,4.02134973934609e-06,0,0,0,0,0,0,0,0,0,0,0,0,0,0,0,0,0,0,0,1.08633821199405e-05,0,0,0,0,3.11827528378345e-05,0,0,0,0,4.98924045405353e-06,0,0,0,0,6.24327177901857e-05,0,0,0,0,4.98722385982691e-05,0
10,0,0,0,0.00121821534842244,0,0,0,0,0.00121821534842244,0,0,0,0,0,0,0,0,0,3.80833062864549e-07,0,0,0,0,9.92741731999183e-05,0,0,0,0,3.51501395975132e-06,0,0,0,0,3.51501395975132e-06,0,0,0,0,0,0,0,0,0,0,0,0,0,0,0,0,0,0,0,3.63784886654316e-06,0,0,0,0,2.74221803600691e-05,0,0,0,0,4.38754885761105e-06,0,0,0,0,5.55113184986348e-05,0,0,0,0,4.43433157975324e-05,0
11,0,0,0,0.00131195317799724,0,0,0,0,0.00131195317799724,0,0,0,0,0,0,0,0,0,3.72634287972145e-07,0,0,0,0,0.000106913007779243,0,0,0,0,3.44157064750765e-06,0,0,0,0,3.44157064750765e-06,0,0,0,0,0,0,0,0,0,0,0,0,0,0,0,0,0,0,0,3.55953133884472e-06,0,0,0,0,2.78161625961397e-05,0,0,0,0,4.45058601538236e-06,0,0,0,0,5.97827394092612e-05,0,0,0,0,4.77553941171772e-05,0
12,0,0,0,0.00125596766662055,0,0,0,0,0.00125596766662055,0,0,0,0,0,0,0,0,0,3.64942807548327e-07,0,0,0,0,0.000102350665529744,0,0,0,0,8.06397360925739e-06,0,0,0,0,8.06397360925739e-06,0,0,0,0,0,0,0,0,0,0,0,0,0,0,0,0,0,0,0,8.25857856714011e-05,0,0,0,0,5.04737419880806e-05,0,0,0,0,8.07579871809289e-06,0,0,0,0,5.72316062640704e-05,0,0,0,0,4.57175087676961e-05,0
13,0,0,0,0.00172970365439208,0,0,0,0,0.00172970365439208,0,0,0,0,0,0,0,0,0,4.9336894488598e-07,0,0,0,0,0.000140956112885146,0,0,0,0,4.6766499729053e-06,0,0,0,0,4.6766499729053e-06,0,0,0,0,0,0,0,0,0,0,0,0,0,0,0,0,0,0,0,6.76613140108905e-06,0,0,0,0,3.73644780708576e-05,0,0,0,0,5.97831649133721e-06,0,0,0,0,7.88186838981733e-05,0,0,0,0,6.29616064862256e-05,0
14,0,0,0,0.00191585695167387,0,0,0,0,0.00191585695167387,0,0,0,0,0,0,0,0,0,6.19460719393185e-07,0,0,0,0,0.000156126020816465,0,0,0,0,9.89994399761065e-06,0,0,0,0,9.89994399761065e-06,0,0,0,0,0,0,0,0,0,0,0,0,0,0,0,0,0,0,0,8.39601994911747e-05,0,0,0,0,9.30316768149652e-05,0,0,0,0,1.48850682903944e-05,0,0,0,0,8.73012686795605e-05,0,0,0,0,6.9737628852721e-05,0
15,0,0,0,0.00215075795463826,0,0,0,0,0.00215075795463826,0,0,0,0,0,0,0,0,0,6.07482615756871e-07,0,0,0,0,0.000175268451490417,0,0,0,0,9.95681129518526e-06,0,0,0,0,9.95681129518526e-06,0,0,0,0,0,0,0,0,0,0,0,0,0,0,0,0,0,0,0,8.47748090556451e-05,0,0,0,0,6.71769535665481e-05,0,0,0,0,1.07483125706477e-05,0,0,0,0,9.80051761685694e-05,0,0,0,0,7.82880787950038e-05,0
16,0,0,0,0.00259291421906986,0,0,0,0,0.00259291421906986,0,0,0,0,0,0,0,0,0,7.31798116638287e-07,0,0,0,0,0.000211300420414019,0,0,0,0,7.17583322442462e-06,0,0,0,0,7.17583322442462e-06,0,0,0,0,0,0,0,0,0,0,0,0,0,0,0,0,0,0,0,1.40115606855843e-05,0,0,0,0,5.68518425856645e-05,0,0,0,0,9.09629481370633e-06,0,0,0,0,0.00011815323722593,0,0,0,0,9.43826674003257e-05,0
17,0,0,0,0.00236642034015562,0,0,0,0,0.00236642034015562,0,0,0,0,0,0,0,0,0,7.160436005805e-07,0,0,0,0,0.000192843098731797,0,0,0,0,6.58436035394023e-06,0,0,0,0,6.58436035394023e-06,0,0,0,0,0,0,0,0,0,0,0,0,0,0,0,0,0,0,0,6.83989562558996e-06,0,0,0,0,5.20564650246064e-05,0,0,0,0,8.32903440393702e-06,0,0,0,0,0.000107832423367624,0,0,0,0,8.61382386858883e-05,0
18,0,0,0,0.00242282704599724,0,0,0,0,0.00242282704599724,0,0,0,0,0,0,0,0,0,6.99993181828115e-07,0,0,0,0,0.000197439764742128,0,0,0,0,1.11496572841694e-05,0,0,0,0,1.11496572841694e-05,0,0,0,0,0,0,0,0,0,0,0,0,0,0,0,0,0,0,0,8.56154873079641e-05,0,0,0,0,7.53329530268857e-05,0,0,0,0,1.20532724843017e-05,0,0,0,0,0.000110402749392073,0,0,0,0,8.81914556097044e-05,0
19,0,0,0,0.00271296569818635,0,0,0,0,0.00271296569818635,0,0,0,0,0,0,0,0,0,8.21529843689036e-07,0,0,0,0,0.00022108359327106,0,0,0,0,7.70465376398453e-06,0,0,0,0,7.70465376398453e-06,0,0,0,0,0,0,0,0,0,0,0,0,0,0,0,0,0,0,0,9.78760206932385e-06,0,0,0,0,6.04632097137666e-05,0,0,0,0,9.67411355420265e-06,0,0,0,0,0.000123623711639258,0,0,0,0,9.8752568549016e-05,0
20,0,0,0,0.00315616736441711,0,0,0,0,0.00315616736441711,0,0,0,0,0,0,0,0,0,9.40230210874832e-07,0,0,0,0,0.000257200753535755,0,0,0,0,1.28770688022552e-05,0,0,0,0,1.28770688022552e-05,0,0,0,0,0,0,0,0,0,0,0,0,0,0,0,0,0,0,0,8.70274200593857e-05,0,0,0,0,0.00011796886356658,0,0,0,0,1.88750181706527e-05,0,0,0,0,0.000143819409292485,0,0,0,0,0.000114885210017631,0
21,0,0,0,0.00353721713550494,0,0,0,0,0.00353721713550494,0,0,0,0,0,0,0,0,0,1.05794586584066e-06,0,0,0,0,0.000288253063804009,0,0,0,0,1.37240636835733e-05,0,0,0,0,1.37240636835733e-05,0,0,0,0,0,0,0,0,0,0,0,0,0,0,0,0,0,0,0,8.81529007711521e-05,0,0,0,0,0.000125262484622579,0,0,0,0,2.00419975396126e-05,0,0,0,0,0.000161182985637243,0,0,0,0,0.000128755508364969,0
22,0,0,0,0.00372201678205465,0,0,0,0,0.00372201678205465,0,0,0,0,0,0,0,0,0,1.03695187449941e-06,0,0,0,0,0.000303312660732102,0,0,0,0,9.57431285024245e-06,0,0,0,0,9.57431285024245e-06,0,0,0,0,0,0,0,0,0,0,0,0,0,0,0,0,0,0,0,9.90532222424735e-06,0,0,0,0,7.79764359028621e-05,0,0,0,0,1.24762297444579e-05,0,0,0,0,0.000169603887615978,0,0,0,0,0.000135482257536893,0
23,0,0,0,0.00347956589876822,0,0,0,0,0.00347956589876822,0,0,0,0,0,0,0,0,0,1.01554832871581e-06,0,0,0,0,0.000283554979127599,0,0,0,0,9.36546132867973e-06,0,0,0,0,9.36546132867973e-06,0,0,0,0,0,0,0,0,0,0,0,0,0,0,0,0,0,0,0,9.70086816714385e-06,0,0,0,0,7.49822875165022e-05,0,0,0,0,1.19971660026404e-05,0,0,0,0,0.000158555949154345,0,0,0,0,0.00012665699023347,0
24,0,0,0,0.00331841798415227,0,0,0,0,0.00331841798415227,0,0,0,0,0,0,0,0,0,9.93685069058491e-07,0,0,0,0,0.000270422796868439,0,0,0,0,1.24496966858823e-05,0,0,0,0,1.24496966858823e-05,0,0,0,0,0,0,0,0,0,0,0,0,0,0,0,0,0,0,0,8.82441972745508e-05,0,0,0,0,8.90751951937824e-05,0,0,0,0,1.42520312310052e-05,0,0,0,0,0.000151212803112702,0,0,0,0,0.000120791169484139,0
25,0,0,0,0.00393400002515208,0,0,0,0,0.00393400002515208,0,0,0,0,0,0,0,0,0,1.10826564526446e-06,0,0,0,0,0.000320587489208026,0,0,0,0,1.60097131996374e-05,0,0,0,0,1.60097131996374e-05,0,0,0,0,0,0,0,0,0,0,0,0,0,0,0,0,0,0,0,8.92945858862676e-05,0,0,0,0,0.000111856424760242,0,0,0,0,1.78970279616387e-05,0,0,0,0,0.000179263484615141,0,0,0,0,0.000143198495806774,0
26,0,0,0,0.00396089899001551,0,0,0,0,0.00396089899001551,0,0,0,0,0,0,0,0,0,1.22113675110309e-06,0,0,0,0,0.000322779525698297,0,0,0,0,1.60360641756626e-05,0,0,0,0,1.60360641756626e-05,0,0,0,0,0,0,0,0,0,0,0,0,0,0,0,0,0,0,0,9.0313294780344e-05,0,0,0,0,0.000112200536330041,0,0,0,0,1.79520858128066e-05,0,0,0,0,0.000180489209613394,0,0,0,0,0.000144177624246677,0
27,0,0,0,0.0046527555032396,0,0,0,0,0.0046527555032396,0,0,0,0,0,0,0,0,0,1.33278592818784e-06,0,0,0,0,0.000379159937759468,0,0,0,0,1.26813164172155e-05,0,0,0,0,1.26813164172155e-05,0,0,0,0,0,0,0,0,0,0,0,0,0,0,0,0,0,0,0,1.95400107098115e-05,0,0,0,0,0.00010101454481936,0,0,0,0,1.61623271710977e-05,0,0,0,0,0.000212015546324446,0,0,0,0,0.0001693613587089,0
28,0,0,0,0.00411653275332196,0,0,0,0,0.00411653275332196,0,0,0,0,0,0,0,0,0,1.30291098998931e-06,0,0,0,0,0.00033546235159952,0,0,0,0,1.20224838029122e-05,0,0,0,0,1.20224838029122e-05,0,0,0,0,0,0,0,0,0,0,0,0,0,0,0,0,0,0,0,1.24458554950231e-05,0,0,0,0,9.33895768290051e-05,0,0,0,0,1.49423322926408e-05,0,0,0,0,0.000187581088249822,0,0,0,0,0.000149842728634003,0
29,0,0,0,0.00442560069638244,0,0,0,0,0.00442560069638244,0,0,0,0,0,0,0,0,0,1.27486123550788e-06,0,0,0,0,0.000360648756080191,0,0,0,0,1.17707117869763e-05,0,0,0,0,1.17707117869763e-05,0,0,0,0,0,0,0,0,0,0,0,0,0,0,0,0,0,0,0,1.21779145584365e-05,0,0,0,0,9.46277176170371e-05,0,0,0,0,1.51404348187259e-05,0,0,0,0,0.000201664615474434,0,0,0,0,0.000161092872066995,0
30,0,0,0,0.00357874607452093,0,0,0,0,0.00357874607452093,0,0,0,0,0,0,0,0,0,1.24628468421338e-06,0,0,0,0,0.000291637318558327,0,0,0,0,1.14807790122314e-05,0,0,0,0,1.14807790122314e-05,0,0,0,0,0,0,0,0,0,0,0,0,0,0,0,0,0,0,0,1.19049414768599e-05,0,0,0,0,8.63619988453125e-05,0,0,0,0,1.381791981525e-05,0,0,0,0,0.000163075365472723,0,0,0,0,0.000130267171191994,0
31,0,0,0,0.00383743630692632,0,0,0,0,0.00383743630692632,0,0,0,0,0,0,0,0,0,1.22056033580923e-06,0,0,0,0,0.000312718368776744,0,0,0,0,1.12455332296355e-05,0,0,0,0,1.12455332296355e-05,0,0,0,0,0,0,0,0,0,0,0,0,0,0,0,0,0,0,0,1.1659213621771e-05,0,0,0,0,8.72837810044522e-05,0,0,0,0,1.39654049607123e-05,0,0,0,0,0.000174863294349286,0,0,0,0,0.000139683554497412,0
32,0,0,0,0.00422269238494623,0,0,0,0,0.00422269238494623,0,0,0,0,0,0,0,0,0,1.19428346961325e-06,0,0,0,0,0.0003441134572274,0,0,0,0,1.10075243250881e-05,0,0,0,0,1.10075243250881e-05,0,0,0,0,0,0,0,0,0,0,0,0,0,0,0,0,0,0,0,1.14082079260251e-05,0,0,0,0,8.91868553688006e-05,0,0,0,0,1.42698968590081e-05,0,0,0,0,0.0001924185425886,0,0,0,0,0.000153706963373912,0
33,0,0,0,0.00421131418354005,0,0,0,0,0.00421131418354005,0,0,0,0,0,0,0,0,0,1.16857230564175e-06,0,0,0,0,0.000343186230741079,0,0,0,0,1.51252680381151e-05,0,0,0,0,1.51252680381151e-05,0,0,0,0,0,0,0,0,0,0,0,0,0,0,0,0,0,0,0,8.98388785825747e-05,0,0,0,0,0.000109690485771803,0,0,0,0,1.75504777234885e-05,0,0,0,0,0.000191900063681716,0,0,0,0,0.000153292794254458,0
34,0,0,0,0.00402348286977328,0,0,0,0,0.00402348286977328,0,0,0,0,0,0,0,0,0,1.2789847494617e-06,0,0,0,0,0.000327879578760871,0,0,0,0,1.21899049670213e-05,0,0,0,0,1.21899049670213e-05,0,0,0,0,0,0,0,0,0,0,0,0,0,0,0,0,0,0,0,1.9066454151166e-05,0,0,0,0,9.34727823899806e-05,0,0,0,0,1.49556451823969e-05,0,0,0,0,0.000183341015483853,0,0,0,0,0.000146455691706201,0
35,0,0,0,0.0052549346459275,0,0,0,0,0.0052549346459275,0,0,0,0,0,0,0,0,0,1.38856539618397e-06,0,0,0,0,0.000428232408062844,0,0,0,0,1.70564077446204e-05,0,0,0,0,1.70564077446204e-05,0,0,0,0,0,0,0,0,0,0,0,0,0,0,0,0,0,0,0,9.1313957849138e-05,0,0,0,0,0.000155837135936819,0,0,0,0,2.49339417498911e-05,0,0,0,0,0.00023945548806075,0,0,0,0,0.000191280816484141,0
36,0,0,0,0.00476453404422335,0,0,0,0,0.00476453404422335,0,0,0,0,0,0,0,0,0,1.36198165429978e-06,0,0,0,0,0.000388268936633949,0,0,0,0,1.22642272345171e-05,0,0,0,0,1.22642272345171e-05,0,0,0,0,0,0,0,0,0,0,0,0,0,0,0,0,0,0,0,1.30101188697253e-05,0,0,0,0,9.98093824109544e-05,0,0,0,0,1.59695011857527e-05,0,0,0,0,0.000217109041655872,0,0,0,0,0.000173430123027662,0
37,0,0,0,0.00444291917067219,0,0,0,0,0.00444291917067219,0,0,0,0,0,0,0,0,0,1.33266019542435e-06,0,0,0,0,0.000362060064202704,0,0,0,0,1.22567380805606e-05,0,0,0,0,1.22567380805606e-05,0,0,0,0,0,0,0,0,0,0,0,0,0,0,0,0,0,0,0,1.27300301737088e-05,0,0,0,0,9.72129403694955e-05,0,0,0,0,1.55540704591193e-05,0,0,0,0,0.000202453779183013,0,0,0,0,0.000161723268470682,0
38,0,0,0,0.00467109432446904,0,0,0,0,0.00467109432446904,0,0,0,0,0,0,0,0,0,1.30396998436923e-06,0,0,0,0,0.000380654395465465,0,0,0,0,1.63699193271581e-05,0,0,0,0,1.63699193271581e-05,0,0,0,0,0,0,0,0,0,0,0,0,0,0,0,0,0,0,0,9.10502319619662e-05,0,0,0,0,0.000119628000235765,0,0,0,0,1.91404800377224e-05,0,0,0,0,0.000212851204935607,0,0,0,0,0.000170028895973296,0
39,0,0,0,0.00455003414752903,0,0,0,0,0.00455003414752903,0,0,0,0,0,0,0,0,0,1.4114713614815e-06,0,0,0,0,0.000370789022328673,0,0,0,0,1.34107310536469e-05,0,0,0,0,1.34107310536469e-05,0,0,0,0,0,0,0,0,0,0,0,0,0,0,0,0,0,0,0,2.02756125660405e-05,0,0,0,0,0.000103822934524127,0,0,0,0,1.66116695238603e-05,0,0,0,0,0.000207334766443578,0,0,0,0,0.000165622277994375,0
40,0,0,0,0.00470896353204477,0,0,0,0,0.00470896353204477,0,0,0,0,0,0,0,0,0,1.38233742916176e-06,0,0,0,0,0.000383740413283813,0,0,0,0,1.27106839685523e-05,0,0,0,0,1.27106839685523e-05,0,0,0,0,0,0,0,0,0,0,0,0,0,0,0,0,0,0,0,1.32045642571871e-05,0,0,0,0,0.000101666372003333,0,0,0,0,1.62666195205333e-05,0,0,0,0,0.000214576819085641,0,0,0,0,0.000171407343743395,0
41,0,0,0,0.00481364312566666,0,0,0,0,0.00481364312566666,0,0,0,0,0,0,0,0,0,1.35257774043675e-06,0,0,0,0,0.000392270908422602,0,0,0,0,1.2501766727735e-05,0,0,0,0,1.2501766727735e-05,0,0,0,0,0,0,0,0,0,0,0,0,0,0,0,0,0,0,0,1.29202894384971e-05,0,0,0,0,0.000101442127116804,0,0,0,0,1.62307403386887e-05,0,0,0,0,0.000219346831439678,0,0,0,0,0.000175217704763344,0
42,0,0,0,0.00474013898951599,0,0,0,0,0.00474013898951599,0,0,0,0,0,0,0,0,0,1.32345873397522e-06,0,0,0,0,0.000386280947491162,0,0,0,0,1.21830491007746e-05,0,0,0,0,1.21830491007746e-05,0,0,0,0,0,0,0,0,0,0,0,0,0,0,0,0,0,0,0,1.26421346379287e-05,0,0,0,0,9.92568681487257e-05,0,0,0,0,1.58810989037961e-05,0,0,0,0,0.000215997414180972,0,0,0,0,0.000172542137487021,0
43,0,0,0,0.0038199540620977,0,0,0,0,0.0038199540620977,0,0,0,0,0,0,0,0,0,1.29262014566732e-06,0,0,0,0,0.000311293714750436,0,0,0,0,1.18798330774447e-05,0,0,0,0,1.18798330774447e-05,0,0,0,0,0,0,0,0,0,0,0,0,0,0,0,0,0,0,0,1.23475537980251e-05,0,0,0,0,9.0278048819319e-05,0,0,0,0,1.4444487811091e-05,0,0,0,0,0.000174066667987609,0,0,0,0,0.000139047196808856,0
44,0,0,0,0.00429279512099939,0,0,0,0,0.00429279512099939,0,0,0,0,0,0,0,0,0,1.26708789300266e-06,0,0,0,0,0.00034982623302664,0,0,0,0,1.16822912119117e-05,0,0,0,0,1.16822912119117e-05,0,0,0,0,0,0,0,0,0,0,0,0,0,0,0,0,0,0,0,1.21036609077446e-05,0,0,0,0,9.31181502060989e-05,0,0,0,0,1.48989040329758e-05,0,0,0,0,0.000195612965736948,0,0,0,0,0.000156258718912949,0
45,0,0,0,0.00425913425870731,0,0,0,0,0.00425913425870731,0,0,0,0,0,0,0,0,0,1.23868558445289e-06,0,0,0,0,0.000347083159498983,0,0,0,0,1.14262518137019e-05,0,0,0,0,1.14262518137019e-05,0,0,0,0,0,0,0,0,0,0,0,0,0,0,0,0,0,0,0,1.18323522530081e-05,0,0,0,0,9.15974509886605e-05,0,0,0,0,1.46555921581857e-05,0,0,0,0,0.000194079116364541,0,0,0,0,0.000155033455868473,0
46,0,0,0,0.00372358220661857,0,0,0,0,0.00372358220661857,0,0,0,0,0,0,0,0,0,1.21201850835134e-06,0,0,0,0,0.00030344022949857,0,0,0,0,1.11617623447563e-05,0,0,0,0,1.11617623447563e-05,0,0,0,0,0,0,0,0,0,0,0,0,0,0,0,0,0,0,0,1.15776191375576e-05,0,0,0,0,8.59075754258568e-05,0,0,0,0,1.37452120681371e-05,0,0,0,0,0.000169675220473232,0,0,0,0,0.000135539239347116,0
47,0,0,0,0.00382918689270943,0,0,0,0,0.00382918689270943,0,0,0,0,0,0,0,0,0,1.18592553511878e-06,0,0,0,0,0.00031204611179293,0,0,0,0,1.08941928380402e-05,0,0,0,0,1.08941928380402e-05,0,0,0,0,0,0,0,0,0,0,0,0,0,0,0,0,0,0,0,1.13283700508716e-05,0,0,0,0,8.5424265385322e-05,0,0,0,0,1.36678824616515e-05,0,0,0,0,0.000174487387199032,0,0,0,0,0.000139383273943372,0
48,0,0,0,0.00400145543717098,0,0,0,0,0.00400145543717098,0,0,0,0,0,0,0,0,0,1.29016706674355e-06,0,0,0,0,0.000326084530650417,0,0,0,0,1.58566862986322e-05,0,0,0,0,1.58566862986322e-05,0,0,0,0,0,0,0,0,0,0,0,0,0,0,0,0,0,0,0,9.03731703057646e-05,0,0,0,0,0.000139657157095463,0,0,0,0,2.2345145135274e-05,0,0,0,0,0.000182337275194028,0,0,0,0,0.000145653888148761,0
49,0,0,0,0.00405451522656894,0,0,0,0,0.00405451522656894,0,0,0,0,0,0,0,0,0,1.27127796538922e-06,0,0,0,0,0.000330408451482203,0,0,0,0,1.17164434712989e-05,0,0,0,0,1.17164434712989e-05,0,0,0,0,0,0,0,0,0,0,0,0,0,0,0,0,0,0,0,1.21436859672367e-05,0,0,0,0,9.13497707536071e-05,0,0,0,0,1.46159633205771e-05,0,0,0,0,0.000184755089805013,0,0,0,0,0.000147585276552684,0
50,0,0,0,0.00445197394500566,0,0,0,0,0.00445197394500566,0,0,0,0,0,0,0,0,0,1.24390922333479e-06,0,0,0,0,0.000362797951175341,0,0,0,0,1.14687376806598e-05,0,0,0,0,1.14687376806598e-05,0,0,0,0,0,0,0,0,0,0,0,0,0,0,0,0,0,0,0,1.18822502546228e-05,0,0,0,0,9.33444225883879e-05,0,0,0,0,1.49351076141421e-05,0,0,0,0,0.000202866384772501,0,0,0,0,0.000162052864316166,0
51,0,0,0,0.00427430715221758,0,0,0,0,0.00427430715221758,0,0,0,0,0,0,0,0,0,1.21823390641119e-06,0,0,0,0,0.000348319621065678,0,0,0,0,1.53001623746377e-05,0,0,0,0,1.53001623746377e-05,0,0,0,0,0,0,0,0,0,0,0,0,0,0,0,0,0,0,0,9.0277129319987e-05,0,0,0,0,0.00011102794951022,0,0,0,0,1.77644719216352e-05,0,0,0,0,0.000194770510809115,0,0,0,0,0.000155585752643719,0
52,0,0,0,0.00508320603891333,0,0,0,0,0.00508320603891333,0,0,0,0,0,0,0,0,0,1.32886157017128e-06,0,0,0,0,0.000414237989507715,0,0,0,0,1.59838615275608e-05,0,0,0,0,1.59838615275608e-05,0,0,0,0,0,0,0,0,0,0,0,0,0,0,0,0,0,0,0,9.12638243261723e-05,0,0,0,0,0.000121046759104692,0,0,0,0,1.93674814567507e-05,0,0,0,0,0.000231630203794191,0,0,0,0,0.000185029856124661,0
53,0,0,0,0.00489303325938265,0,0,0,0,0.00489303325938265,0,0,0,0,0,0,0,0,0,1.43592904346766e-06,0,0,0,0,0.000398740528014157,0,0,0,0,1.9013002983604e-05,0,0,0,0,1.9013002983604e-05,0,0,0,0,0,0,0,0,0,0,0,0,0,0,0,0,0,0,0,9.22518853338327e-05,0,0,0,0,0.000134616713084548,0,0,0,0,2.15386740935277e-05,0,0,0,0,0.000222964460296567,0,0,0,0,0.000178107523689969,0
54,0,0,0,0.00557287989574699,0,0,0,0,0.00557287989574699,0,0,0,0,0,0,0,0,0,1.54314474323308e-06,0,0,0,0,0.000454142237420638,0,0,0,0,1.46339070388752e-05,0,0,0,0,1.46339070388752e-05,0,0,0,0,0,0,0,0,0,0,0,0,0,0,0,0,0,0,0,2.14750885496406e-05,0,0,0,0,0.00011822295218801,0,0,0,0,1.89156723500816e-05,0,0,0,0,0.000253943534078815,0,0,0,0,0.000202854095902537,0
55,0,0,0,0.00490086249317083,0,0,0,0,0.00490086249317083,0,0,0,0,0,0,0,0,0,1.50855452363689e-06,0,0,0,0,0.00039937854387245,0,0,0,0,1.38888274812796e-05,0,0,0,0,1.38888274812796e-05,0,0,0,0,0,0,0,0,0,0,0,0,0,0,0,0,0,0,0,1.44102335092762e-05,0,0,0,0,0.000109073020502202,0,0,0,0,1.74516832803523e-05,0,0,0,0,0.0002233212207749,0,0,0,0,0.000178392509580823,0
56,0,0,0,0.00476695678480365,0,0,0,0,0.00476695678480365,0,0,0,0,0,0,0,0,0,1.47607756678029e-06,0,0,0,0,0.000388466369352473,0,0,0,0,1.35971628531133e-05,0,0,0,0,1.35971628531133e-05,0,0,0,0,0,0,0,0,0,0,0,0,0,0,0,0,0,0,0,1.41000024074888e-05,0,0,0,0,0.000106548745015902,0,0,0,0,1.70477992025442e-05,0,0,0,0,0.000217219440465218,0,0,0,0,0.000173518311335901,0
57,0,0,0,0.00476227376563698,0,0,0,0,0.00476227376563698,0,0,0,0,0,0,0,0,0,1.44429979096763e-06,0,0,0,0,0.000388084743183953,0,0,0,0,1.33203058264263e-05,0,0,0,0,1.33203058264263e-05,0,0,0,0,0,0,0,0,0,0,0,0,0,0,0,0,0,0,0,1.37964501243655e-05,0,0,0,0,0.000105110794349815,0,0,0,0,1.68177270959704e-05,0,0,0,0,0.000217006045872191,0,0,0,0,0.000173347848372959,0
58,0,0,0,0.00509358654210113,0,0,0,0,0.00509358654210113,0,0,0,0,0,0,0,0,0,1.4144882467085e-06,0,0,0,0,0.0004150839120884,0,0,0,0,1.30133936683633e-05,0,0,0,0,1.30133936683633e-05,0,0,0,0,0,0,0,0,0,0,0,0,0,0,0,0,0,0,0,1.3511679963715e-05,0,0,0,0,0.000106264121425601,0,0,0,0,1.70022594280961e-05,0,0,0,0,0.000232103219849505,0,0,0,0,0.000185407708802014,0
59,0,0,0,0.00433541679443117,0,0,0,0,0.00433541679443117,0,0,0,0,0,0,0,0,0,1.38278189717672e-06,0,0,0,0,0.000353299536327092,0,0,0,0,1.27037853492207e-05,0,0,0,0,1.27037853492207e-05,0,0,0,0,0,0,0,0,0,0,0,0,0,0,0,0,0,0,0,1.32088099690806e-05,0,0,0,0,9.85510473425198e-05,0,0,0,0,1.57681675748032e-05,0,0,0,0,0.000197555139008595,0,0,0,0,0.000157810157521281,0
60,0,0,0,0.00513581241674783,0,0,0,0,0.00513581241674783,0,0,0,0,0,0,0,0,0,1.35424013321178e-06,0,0,0,0,0.000418524961159588,0,0,0,0,1.25183366239355e-05,0,0,0,0,1.25183366239355e-05,0,0,0,0,0,0,0,0,0,0,0,0,0,0,0,0,0,0,0,1.29361691880832e-05,0,0,0,0,0.000104117020758375,0,0,0,0,1.665872332134e-05,0,0,0,0,0.000234027357465594,0,0,0,0,0.000186944740244534,0
61,0,0,0,0.00465558225566873,0,0,0,0,0.00465558225566873,0,0,0,0,0,0,0,0,0,1.32388427050773e-06,0,0,0,0,0.000379390294001988,0,0,0,0,1.22262948760351e-05,0,0,0,0,1.22262948760351e-05,0,0,0,0,0,0,0,0,0,0,0,0,0,0,0,0,0,0,0,1.26483991496003e-05,0,0,0,0,9.88059873534061e-05,0,0,0,0,1.5808957976545e-05,0,0,0,0,0.000212144355040092,0,0,0,0,0.000169464253140339,0
62,0,0,0,0.00443894504912084,0,0,0,0,0.00443894504912084,0,0,0,0,0,0,0,0,0,1.42430159585099e-06,0,0,0,0,0.000361736207150897,0,0,0,0,1.70746146789934e-05,0,0,0,0,1.70746146789934e-05,0,0,0,0,0,0,0,0,0,0,0,0,0,0,0,0,0,0,0,9.16556320593145e-05,0,0,0,0,0.000149295548116215,0,0,0,0,2.38872876985944e-05,0,0,0,0,0.000202272687451182,0,0,0,0,0.000161578609542195,0
63,0,0,0,0.00465335619683223,0,0,0,0,0.00465335619683223,0,0,0,0,0,0,0,0,0,1.4033605448137e-06,0,0,0,0,0.000379208889170096,0,0,0,0,1.29261137563081e-05,0,0,0,0,1.29261137563081e-05,0,0,0,0,0,0,0,0,0,0,0,0,0,0,0,0,0,0,0,1.34053843561193e-05,0,0,0,0,0.000102273298951098,0,0,0,0,1.63637278321757e-05,0,0,0,0,0.000212042918573026,0,0,0,0,0.000169383224092315,0
64,0,0,0,0.00427161225576019,0,0,0,0,0.00427161225576019,0,0,0,0,0,0,0,0,0,1.37314825937634e-06,0,0,0,0,0.000348100009961604,0,0,0,0,1.26487290761871e-05,0,0,0,0,1.26487290761871e-05,0,0,0,0,0,0,0,0,0,0,0,0,0,0,0,0,0,0,0,1.31167861356214e-05,0,0,0,0,9.77667604171087e-05,0,0,0,0,1.56426816667374e-05,0,0,0,0,0.000194647710471916,0,0,0,0,0.000155487657799645,0
65,0,0,0,0.00453583292669882,0,0,0,0,0.00453583292669882,0,0,0,0,0,0,0,0,0,1.34480534167688e-06,0,0,0,0,0.000369631743807946,0,0,0,0,1.24150759269243e-05,0,0,0,0,1.24150759269243e-05,0,0,0,0,0,0,0,0,0,0,0,0,0,0,0,0,0,0,0,1.28460448027866e-05,0,0,0,0,9.87664932864128e-05,0,0,0,0,1.58026389258261e-05,0,0,0,0,0.000206687648925648,0,0,0,0,0.000165105350325716,0
66,0,0,0,0.00430305934654601,0,0,0,0,0.00430305934654601,0,0,0,0,0,0,0,0,0,1.31585366351223e-06,0,0,0,0,0.000350662679970111,0,0,0,0,1.18224706433189e-05,0,0,0,0,1.18224706433189e-05,0,0,0,0,0,0,0,0,0,0,0,0,0,0,0,0,0,0,0,1.25694883798658e-05,0,0,0,0,9.38608225680826e-05,0,0,0,0,1.50177316108932e-05,0,0,0,0,0.000196080683283109,0,0,0,0,0.000156632339057713,0
67,0,0,0,0.00468736412135141,0,0,0,0,0.00468736412135141,0,0,0,0,0,0,0,0,0,1.28752527233387e-06,0,0,0,0,0.000381980245312718,0,0,0,0,1.51855344156563e-05,0,0,0,0,1.51855344156563e-05,0,0,0,0,0,0,0,0,0,0,0,0,0,0,0,0,0,0,0,9.08914227542538e-05,0,0,0,0,0.000113831345976854,0,0,0,0,1.82130153562966e-05,0,0,0,0,0.000213592582786259,0,0,0,0,0.000170621120280805,0
68,0,0,0,0.0044726980436108,0,0,0,0,0.0044726980436108,0,0,0,0,0,0,0,0,0,1.39551929668038e-06,0,0,0,0,0.000364486788667828,0,0,0,0,1.42738852637347e-05,0,0,0,0,1.42738852637347e-05,0,0,0,0,0,0,0,0,0,0,0,0,0,0,0,0,0,0,0,3.66827080149862e-05,0,0,0,0,0.000107548910676914,0,0,0,0,1.72078257083063e-05,0,0,0,0,0.000203810735079494,0,0,0,0,0.000162807226219631,0
69,0,0,0,0.00466221466227697,0,0,0,0,0.00466221466227697,0,0,0,0,0,0,0,0,0,1.36547584124964e-06,0,0,0,0,0.000379930778640613,0,0,0,0,1.25586217910733e-05,0,0,0,0,1.25586217910733e-05,0,0,0,0,0,0,0,0,0,0,0,0,0,0,0,0,0,0,0,1.30457652938485e-05,0,0,0,0,0.000100534655363268,0,0,0,0,1.60855448581229e-05,0,0,0,0,0.000212446578810396,0,0,0,0,0.000169705674249593,0
70,0,0,0,0.00440943009068892,0,0,0,0,0.00440943009068892,0,0,0,0,0,0,0,0,0,1.33607915767597e-06,0,0,0,0,0.000359330989469842,0,0,0,0,1.22704628668807e-05,0,0,0,0,1.22704628668807e-05,0,0,0,0,0,0,0,0,0,0,0,0,0,0,0,0,0,0,0,1.27626892812407e-05,0,0,0,0,9.69978104768766e-05,0,0,0,0,1.55196496763003e-05,0,0,0,0,0.000200927757541942,0,0,0,0,0.000160504258341323,0
71,0,0,0,0.00427667053770176,0,0,0,0,0.00427667053770176,0,0,0,0,0,0,0,0,0,1.30731534139956e-06,0,0,0,0,0.000348512216849501,0,0,0,0,1.20542415817247e-05,0,0,0,0,1.20542415817247e-05,0,0,0,0,0,0,0,0,0,0,0,0,0,0,0,0,0,0,0,1.24879273799197e-05,0,0,0,0,9.48649691215375e-05,0,0,0,0,1.5178395059446e-05,0,0,0,0,0.000194878204940959,0,0,0,0,0.000155671780412957,0
72,0,0,0,0.00453097675797602,0,0,0,0,0.00453097675797602,0,0,0,0,0,0,0,0,0,1.2803312696684e-06,0,0,0,0,0.000369236007425623,0,0,0,0,1.17910439750239e-05,0,0,0,0,1.17910439750239e-05,0,0,0,0,0,0,0,0,0,0,0,0,0,0,0,0,0,0,0,1.22301662127995e-05,0,0,0,0,9.56134108512695e-05,0,0,0,0,1.52981457362031e-05,0,0,0,0,0.000206466364298916,0,0,0,0,0.000164928584679544,0
73,0,0,0,0.00438155370659377,0,0,0,0,0.00438155370659377,0,0,0,0,0,0,0,0,0,1.25163210525538e-06,0,0,0,0,0.000357059301638594,0,0,0,0,1.15179869007177e-05,0,0,0,0,1.15179869007177e-05,0,0,0,0,0,0,0,0,0,0,0,0,0,0,0,0,0,0,0,1.1956021888393e-05,0,0,0,0,9.30069500662017e-05,0,0,0,0,1.48811120105923e-05,0,0,0,0,0.00019965749375968,0,0,0,0,0.000159489551619047,0
74,0,0,0,0.00371254856632778,0,0,0,0,0.00371254856632778,0,0,0,0,0,0,0,0,0,1.22357624469466e-06,0,0,0,0,0.000302541081807916,0,0,0,0,1.12754574951795e-05,0,0,0,0,1.12754574951795e-05,0,0,0,0,0,0,0,0,0,0,0,0,0,0,0,0,0,0,0,1.16880226244294e-05,0,0,0,0,8.6396030039817e-05,0,0,0,0,1.38233648063707e-05,0,0,0,0,0.000169172442437169,0,0,0,0,0.000135137612330641,0
75,0,0,0,0.00389184249007659,0,0,0,0,0.00389184249007659,0,0,0,0,0,0,0,0,0,1.19832061729566e-06,0,0,0,0,0.000317152009229723,0,0,0,0,1.10248468861192e-05,0,0,0,0,1.10248468861192e-05,0,0,0,0,0,0,0,0,0,0,0,0,0,0,0,0,0,0,0,1.14467721541677e-05,0,0,0,0,8.65836116215769e-05,0,0,0,0,1.38533778594523e-05,0,0,0,0,0.000177342461078765,0,0,0,0,0.000141663951940192,0
76,0,0,0,0.00413480468880435,0,0,0,0,0.00413480468880435,0,0,0,0,0,0,0,0,0,1.17358628696996e-06,0,0,0,0,0.000336951358686917,0,0,0,0,1.08295619695805e-05,0,0,0,0,1.08295619695805e-05,0,0,0,0,0,0,0,0,0,0,0,0,0,0,0,0,0,0,0,1.12105012934834e-05,0,0,0,0,8.76110000832918e-05,0,0,0,0,1.40177600133267e-05,0,0,0,0,0.000188413699028748,0,0,0,0,0.000150507831241992,0
77,0,0,0,0.0038834758432883,0,0,0,0,0.0038834758432883,0,0,0,0,0,0,0,0,0,1.28335525581096e-06,0,0,0,0,0.000316470198790019,0,0,0,0,1.602922058233e-05,0,0,0,0,1.602922058233e-05,0,0,0,0,0,0,0,0,0,0,0,0,0,0,0,0,0,0,0,9.02900909299879e-05,0,0,0,0,0.000138987969682607,0,0,0,0,2.22380751492171e-05,0,0,0,0,0.000176961211905348,0,0,0,0,0.000141359404093886,0
78,0,0,0,0.00397969895588897,0,0,0,0,0.00397969895588897,0,0,0,0,0,0,0,0,0,1.25770862791354e-06,0,0,0,0,0.000324311562764397,0,0,0,0,1.59062947802066e-05,0,0,0,0,1.59062947802066e-05,0,0,0,0,0,0,0,0,0,0,0,0,0,0,0,0,0,0,0,9.06433712358826e-05,0,0,0,0,0.000111699625898133,0,0,0,0,1.78719401437014e-05,0,0,0,0,0.000181345881543129,0,0,0,0,0.000144861947281015,0
79,0,0,0,0.00489604690533556,0,0,0,0,0.00489604690533556,0,0,0,0,0,0,0,0,0,1.36860292520476e-06,0,0,0,0,0.000398986114486762,0,0,0,0,1.30349943827515e-05,0,0,0,0,1.30349943827515e-05,0,0,0,0,0,0,0,0,0,0,0,0,0,0,0,0,0,0,0,1.98694890689706e-05,0,0,0,0,0.000104769373701167,0,0,0,0,1.67630997921868e-05,0,0,0,0,0.000223101785327441,0,0,0,0,0.000178217221088188,0
80,0,0,0,0.00419921324298034,0,0,0,0,0.00419921324298034,0,0,0,0,0,0,0,0,0,1.3367124284766e-06,0,0,0,0,0.000342200107170593,0,0,0,0,1.23007001657836e-05,0,0,0,0,1.23007001657836e-05,0,0,0,0,0,0,0,0,0,0,0,0,0,0,0,0,0,0,0,1.2768738502511e-05,0,0,0,0,9.54725897454845e-05,0,0,0,0,1.52756143592775e-05,0,0,0,0,0.000191348651186041,0,0,0,0,0.000152852317265409,0
81,0,0,0,0.00390931887370611,0,0,0,0,0.00390931887370611,0,0,0,0,0,0,0,0,0,1.30793497881264e-06,0,0,0,0,0.000318576185618235,0,0,0,0,1.60861087593553e-05,0,0,0,0,1.60861087593553e-05,0,0,0,0,0,0,0,0,0,0,0,0,0,0,0,0,0,0,0,9.11073946371091e-05,0,0,0,0,0.000111977994338652,0,0,0,0,1.79164790941844e-05,0,0,0,0,0.000178138820358854,0,0,0,0,0.000142300096279767,0
82,0,0,0,0.00519122785441863,0,0,0,0,0.00519122785441863,0,0,0,0,0,0,0,0,0,1.41766853051883e-06,0,0,0,0,0.000423040847258383,0,0,0,0,1.348707732044e-05,0,0,0,0,1.348707732044e-05,0,0,0,0,0,0,0,0,0,0,0,0,0,0,0,0,0,0,0,2.03326716627844e-05,0,0,0,0,0.000109446296012893,0,0,0,0,1.75114073620629e-05,0,0,0,0,0.000236552513641199,0,0,0,0,0.000188961874781442,0
83,0,0,0,0.00459213964593917,0,0,0,0,0.00459213964593917,0,0,0,0,0,0,0,0,0,1.38714822117452e-06,0,0,0,0,0.000374220261762037,0,0,0,0,1.27493946339593e-05,0,0,0,0,1.27493946339593e-05,0,0,0,0,0,0,0,0,0,0,0,0,0,0,0,0,0,0,0,1.32505186030076e-05,0,0,0,0,0.000100875112591192,0,0,0,0,1.61400180145907e-05,0,0,0,0,0.000209253418786791,0,0,0,0,0.000167154927714501,0
84,0,0,0,0.00472522471548941,0,0,0,0,0.00472522471548941,0,0,0,0,0,0,0,0,0,1.35728496318356e-06,0,0,0,0,0.000385065561209267,0,0,0,0,1.25502413092361e-05,0,0,0,0,1.25502413092361e-05,0,0,0,0,0,0,0,0,0,0,0,0,0,0,0,0,0,0,0,1.2965254454941e-05,0,0,0,0,0.00010095096899144,0,0,0,0,1.61521550386304e-05,0,0,0,0,0.000215317804441415,0,0,0,0,0.000171999254519811,0
85,0,0,0,0.00448699317781333,0,0,0,0,0.00448699317781333,0,0,0,0,0,0,0,0,0,1.32806461714983e-06,0,0,0,0,0.000365651720328371,0,0,0,0,1.22373011497458e-05,0,0,0,0,1.22373011497458e-05,0,0,0,0,0,0,0,0,0,0,0,0,0,0,0,0,0,0,0,1.26861316238001e-05,0,0,0,0,9.74562146153241e-05,0,0,0,0,1.55929943384519e-05,0,0,0,0,0.00020446213201742,0,0,0,0,0.000163327572356405,0
86,0,0,0,0.00461289528901609,0,0,0,0,0.00461289528901609,0,0,0,0,0,0,0,0,0,1.29947334212587e-06,0,0,0,0,0.000375911669860254,0,0,0,0,1.19871753400996e-05,0,0,0,0,1.19871753400996e-05,0,0,0,0,0,0,0,0,0,0,0,0,0,0,0,0,0,0,0,1.24130178960775e-05,0,0,0,0,9.72327394428019e-05,0,0,0,0,1.55572383108483e-05,0,0,0,0,0.000210199206504027,0,0,0,0,0.000167910437843915,0
87,0,0,0,0.00410459573319063,0,0,0,0,0.00410459573319063,0,0,0,0,0,0,0,0,0,1.27149759513943e-06,0,0,0,0,0.000334489586147547,0,0,0,0,1.16958992633856e-05,0,0,0,0,1.16958992633856e-05,0,0,0,0,0,0,0,0,0,0,0,0,0,0,0,0,0,0,0,1.21457839046278e-05,0,0,0,0,9.16514197658914e-05,0,0,0,0,1.46642271625426e-05,0,0,0,0,0.000187037145237371,0,0,0,0,0.000149408218385835,0
88,0,0,0,0.00424628789485726,0,0,0,0,0.00424628789485726,0,0,0,0,0,0,0,0,0,1.24412412477851e-06,0,0,0,0,0.000346036290280424,0,0,0,0,1.14902876498157e-05,0,0,0,0,1.14902876498157e-05,0,0,0,0,0,0,0,0,0,0,0,0,0,0,0,0,0,0,0,1.18843030673895e-05,0,0,0,0,9.17791026538338e-05,0,0,0,0,1.46846564246134e-05,0,0,0,0,0.00019349373661526,0,0,0,0,0.00015456584530209,0
89,0,0,0,0.0040621539376456,0,0,0,0,0.0040621539376456,0,0,0,0,0,0,0,0,0,1.21844437211107e-06,0,0,0,0,0.000331030941362527,0,0,0,0,1.12454033919282e-05,0,0,0,0,1.12454033919282e-05,0,0,0,0,0,0,0,0,0,0,0,0,0,0,0,0,0,0,0,1.16390012061706e-05,0,0,0,0,8.90846566603729e-05,0,0,0,0,1.42535450656597e-05,0,0,0,0,0.000185103168594239,0,0,0,0,0.000147863327373499,0
90,0,0,0,0.00406477246795266,0,0,0,0,0.00406477246795266,0,0,0,0,0,0,0,0,0,1.32716807978568e-06,0,0,0,0,0.000331244329275895,0,0,0,0,1.64490370853204e-05,0,0,0,0,1.64490370853204e-05,0,0,0,0,0,0,0,0,0,0,0,0,0,0,0,0,0,0,0,9.07269374109603e-05,0,0,0,0,0.000143179981919285,0,0,0,0,2.29087971070856e-05,0,0,0,0,0.000185222489098665,0,0,0,0,0.000147958642472329,0
91,0,0,0,0.00394245633507452,0,0,0,0,0.00394245633507452,0,0,0,0,0,0,0,0,0,1.29943822970745e-06,0,0,0,0,0.000321276606429345,0,0,0,0,1.1957566223884e-05,0,0,0,0,1.1957566223884e-05,0,0,0,0,0,0,0,0,0,0,0,0,0,0,0,0,0,0,0,1.24126824901475e-05,0,0,0,0,9.16656365658891e-05,0,0,0,0,1.46665018505423e-05,0,0,0,0,0.000179648819534813,0,0,0,0,0.00014350630741156,0
92,0,0,0,0.00377644223817053,0,0,0,0,0.00377644223817053,0,0,0,0,0,0,0,0,0,1.27146323863966e-06,0,0,0,0,0.000307747871767598,0,0,0,0,1.60530764238315e-05,0,0,0,0,1.60530764238315e-05,0,0,0,0,0,0,0,0,0,0,0,0,0,0,0,0,0,0,0,9.07779232664019e-05,0,0,0,0,0.000110790032594392,0,0,0,0,1.77264052151028e-05,0,0,0,0,0.000172083932570915,0,0,0,0,0.000137463356520005,0
93,0,0,0,0.0045615256285501,0,0,0,0,0.0045615256285501,0,0,0,0,0,0,0,0,0,1.38194959727913e-06,0,0,0,0,0.000371725480138604,0,0,0,0,1.31641498995267e-05,0,0,0,0,1.31641498995267e-05,0,0,0,0,0,0,0,0,0,0,0,0,0,0,0,0,0,0,0,2.00037972920777e-05,0,0,0,0,0.000102713846557288,0,0,0,0,1.64342154491661e-05,0,0,0,0,0.000207858407246337,0,0,0,0,0.00016604057051758,0
94,0,0,0,0.00425065203817922,0,0,0,0,0.00425065203817922,0,0,0,0,0,0,0,0,0,1.35097262121897e-06,0,0,0,0,0.000346391930784031,0,0,0,0,1.71456709894321e-05,0,0,0,0,1.71456709894321e-05,0,0,0,0,0,0,0,0,0,0,0,0,0,0,0,0,0,0,0,9.1507251763714e-05,0,0,0,0,0.000120123757937462,0,0,0,0,1.92198012699939e-05,0,0,0,0,0.000193692600757164,0,0,0,0,0.000154724701111748,0
95,0,0,0,0.00473307444069547,0,0,0,0,0.00473307444069547,0,0,0,0,0,0,0,0,0,1.45969391106834e-06,0,0,0,0,0.000385705246943557,0,0,0,0,1.35906988992172e-05,0,0,0,0,1.35906988992172e-05,0,0,0,0,0,0,0,0,0,0,0,0,0,0,0,0,0,0,0,1.56633600226356e-05,0,0,0,0,0.000106221757222032,0,0,0,0,1.69954811555251e-05,0,0,0,0,0.000215675498667321,0,0,0,0,0.000172284986302937,0
96,0,0,0,0.00486312999603159,0,0,0,0,0.00486312999603159,0,0,0,0,0,0,0,0,0,1.42956462123615e-06,0,0,0,0,0.000396303666790072,0,0,0,0,1.28555130133369e-05,0,0,0,0,1.28555130133369e-05,0,0,0,0,0,0,0,0,0,0,0,0,0,0,0,0,0,0,0,1.36556946970327e-05,0,0,0,0,0.000103551492875905,0,0,0,0,1.65682388601448e-05,0,0,0,0,0.000221601836210292,0,0,0,0,0.000177019038101711,0
97,0,0,0,0.00515961845844906,0,0,0,0,0.00515961845844906,0,0,0,0,0,0,0,0,0,1.39878820062944e-06,0,0,0,0,0.000420464950760041,0,0,0,0,1.29034187210428e-05,0,0,0,0,1.29034187210428e-05,0,0,0,0,0,0,0,0,0,0,0,0,0,0,0,0,0,0,0,1.3361707704469e-05,0,0,0,0,0.00010626261491284,0,0,0,0,1.70020183860544e-05,0,0,0,0,0.000235112144949827,0,0,0,0,0.000187811285577765,0
98,0,0,0,0.00490162964058764,0,0,0,0,0.00490162964058764,0,0,0,0,0,0,0,0,0,1.36743377424005e-06,0,0,0,0,0.000399441059851769,0,0,0,0,1.26073266990063e-05,0,0,0,0,1.26073266990063e-05,0,0,0,0,0,0,0,0,0,0,0,0,0,0,0,0,0,0,0,1.3062199401162e-05,0,0,0,0,0.000102682467290315,0,0,0,0,1.64291947664503e-05,0,0,0,0,0.000223356177947821,0,0,0,0,0.000178420433921303,0
99,0,0,0,0.00450560705627413,0,0,0,0,0.00450560705627413,0,0,0,0,0,0,0,0,0,1.33920880824814e-06,0,0,0,0,0.000367168592855575,0,0,0,0,1.23021459986654e-05,0,0,0,0,1.23021459986654e-05,0,0,0,0,0,0,0,0,0,0,0,0,0,0,0,0,0,0,0,1.27925847837504e-05,0,0,0,0,9.79329755357011e-05,0,0,0,0,1.56692760857122e-05,0,0,0,0,0.000205310324364587,0,0,0,0,0.000164005121766592,0
100,0,0,0,0.00450806406193951,0,0,0,0,0.00450806406193951,0,0,0,0,0,0,0,0,0,1.30918987902115e-06,0,0,0,0,0.000367368817886638,0,0,0,0,1.20770047248238e-05,0,0,0,0,1.20770047248238e-05,0,0,0,0,0,0,0,0,0,0,0,0,0,0,0,0,0,0,0,1.2505833610305e-05,0,0,0,0,9.68711465362606e-05,0,0,0,0,1.54993834458017e-05,0,0,0,0,0.000205422284556371,0,0,0,0,0.000164094557331723,0
101,0,0,0,0.00434279122989489,0,0,0,0,0.00434279122989489,0,0,0,0,0,0,0,0,0,1.28216711528046e-06,0,0,0,0,0.000353900489996264,0,0,0,0,1.17881306568835e-05,0,0,0,0,1.17881306568835e-05,0,0,0,0,0,0,0,0,0,0,0,0,0,0,0,0,0,0,0,1.22477028437547e-05,0,0,0,0,9.40834504506455e-05,0,0,0,0,1.50533520721033e-05,0,0,0,0,0.000197891175355784,0,0,0,0,0.000158078588649668,0
102,0,0,0,0.00445430568459396,0,0,0,0,0.00445430568459396,0,0,0,0,0,0,0,0,0,1.25342679961518e-06,0,0,0,0,0.000362987968088234,0,0,0,0,1.48416330696806e-05,0,0,0,0,1.48416330696806e-05,0,0,0,0,0,0,0,0,0,0,0,0,0,0,0,0,0,0,0,9.05944720228829e-05,0,0,0,0,0.000110235599904985,0,0,0,0,1.76376959847976e-05,0,0,0,0,0.000202972636872435,0,0,0,0,0.000162137740167595,0
103,0,0,0,0.00406079203752404,0,0,0,0,0.00406079203752404,0,0,0,0,0,0,0,0,0,1.36329681222223e-06,0,0,0,0,0.000330919958104334,0,0,0,0,1.39418851202953e-05,0,0,0,0,1.39418851202953e-05,0,0,0,0,0,0,0,0,0,0,0,0,0,0,0,0,0,0,0,3.63860264420047e-05,0,0,0,0,0.000102542232065392,0,0,0,0,1.64067571304628e-05,0,0,0,0,0.000185041109885564,0,0,0,0,0.000147813753899274,0
104,0,0,0,0.00411641428307338,0,0,0,0,0.00411641428307338,0,0,0,0,0,0,0,0,0,1.33394705941952e-06,0,0,0,0,0.000335452697283482,0,0,0,0,1.22857139007777e-05,0,0,0,0,1.22857139007777e-05,0,0,0,0,0,0,0,0,0,0,0,0,0,0,0,0,0,0,0,1.27423227427705e-05,0,0,0,0,9.47130886790696e-05,0,0,0,0,1.51540941886511e-05,0,0,0,0,0.000187575689828508,0,0,0,0,0.000149838416290005,0
105,0,0,0,0.00446901399854174,0,0,0,0,0.00446901399854174,0,0,0,0,0,0,0,0,0,1.30522914407808e-06,0,0,0,0,0.000364186570378232,0,0,0,0,1.2047516118257e-05,0,0,0,0,1.2047516118257e-05,0,0,0,0,0,0,0,0,0,0,0,0,0,0,0,0,0,0,0,1.24679993030236e-05,0,0,0,0,9.64113806117642e-05,0,0,0,0,1.54258208978823e-05,0,0,0,0,0.000203642861476968,0,0,0,0,0.000162673126141085,0
106,0,0,0,0.00460978605056336,0,0,0,0,0.00460978605056336,0,0,0,0,0,0,0,0,0,1.27828813318801e-06,0,0,0,0,0.000375658293413244,0,0,0,0,1.18020232125601e-05,0,0,0,0,1.18020232125601e-05,0,0,0,0,0,0,0,0,0,0,0,0,0,0,0,0,0,0,0,1.22106494679206e-05,0,0,0,0,9.62963042698716e-05,0,0,0,0,1.54074086831795e-05,0,0,0,0,0.000210057525539113,0,0,0,0,0.000167797260856958,0
107,0,0,0,0.00470032711139112,0,0,0,0,0.00470032711139112,0,0,0,0,0,0,0,0,0,1.25076847254508e-06,0,0,0,0,0.000383036618572223,0,0,0,0,1.15098891443892e-05,0,0,0,0,1.15098891443892e-05,0,0,0,0,0,0,0,0,0,0,0,0,0,0,0,0,0,0,0,1.19477721706489e-05,0,0,0,0,9.5541761894615e-05,0,0,0,0,1.52866819031384e-05,0,0,0,0,0.000214183276927258,0,0,0,0,0.000171092976067022,0
108,0,0,0,0.00388607544780468,0,0,0,0,0.00388607544780468,0,0,0,0,0,0,0,0,0,1.22273197067514e-06,0,0,0,0,0.00031668204441267,0,0,0,0,1.12443881087488e-05,0,0,0,0,1.12443881087488e-05,0,0,0,0,0,0,0,0,0,0,0,0,0,0,0,0,0,0,0,1.16799578275816e-05,0,0,0,0,8.76764980928288e-05,0,0,0,0,1.40282396948526e-05,0,0,0,0,0.000177079670004293,0,0,0,0,0.00014145403028963,0
109,0,0,0,0.00389564916971758,0,0,0,0,0.00389564916971758,0,0,0,0,0,0,0,0,0,1.19640835237922e-06,0,0,0,0,0.000317462221192235,0,0,0,0,1.10388303319106e-05,0,0,0,0,1.10388303319106e-05,0,0,0,0,0,0,0,0,0,0,0,0,0,0,0,0,0,0,0,1.14285055396399e-05,0,0,0,0,8.67116319615105e-05,0,0,0,0,1.38738611138417e-05,0,0,0,0,0.000177515922861402,0,0,0,0,0.000141802515945053,0
110,0,0,0,0.00403448148920194,0,0,0,0,0.00403448148920194,0,0,0,0,0,0,0,0,0,1.17065144281164e-06,0,0,0,0,0.000328775872549595,0,0,0,0,1.55195919622517e-05,0,0,0,0,1.55195919622517e-05,0,0,0,0,0,0,0,0,0,0,0,0,0,0,0,0,0,0,0,8.98672291125893e-05,0,0,0,0,0.000110220105685696,0,0,0,0,1.76352169097114e-05,0,0,0,0,0.000183842197698426,0,0,0,0,0.000146856043955327,0
111,0,0,0,0.00428511521663988,0,0,0,0,0.00428511521663988,0,0,0,0,0,0,0,0,0,1.28321864043756e-06,0,0,0,0,0.00034920038624468,0,0,0,0,1.16711646734332e-05,0,0,0,0,1.16711646734332e-05,0,0,0,0,0,0,0,0,0,0,0,0,0,0,0,0,0,0,0,1.40277929173428e-05,0,0,0,0,9.29584713926022e-05,0,0,0,0,1.48733554228164e-05,0,0,0,0,0.000195263009862978,0,0,0,0,0.000155979168647268,0
112,0,0,0,0.00426553919017024,0,0,0,0,0.00426553919017024,0,0,0,0,0,0,0,0,0,1.25559283918767e-06,0,0,0,0,0.000347605106851073,0,0,0,0,1.15525384732563e-05,0,0,0,0,1.15525384732563e-05,0,0,0,0,0,0,0,0,0,0,0,0,0,0,0,0,0,0,0,1.19938561860191e-05,0,0,0,0,9.22565946212437e-05,0,0,0,0,1.4761055139399e-05,0,0,0,0,0.000194370974606896,0,0,0,0,0.000155266596830693,0
113,0,0,0,0.00454477517294718,0,0,0,0,0.00454477517294718,0,0,0,0,0,0,0,0,0,1.22856177479536e-06,0,0,0,0,0.000370360460700247,0,0,0,0,1.13022610677517e-05,0,0,0,0,1.13022610677517e-05,0,0,0,0,0,0,0,0,0,0,0,0,0,0,0,0,0,0,0,1.17356461287794e-05,0,0,0,0,9.32503929245901e-05,0,0,0,0,1.49200628679344e-05,0,0,0,0,0.000207095126864773,0,0,0,0,0.000165430850123304,0
114,0,0,0,0.00392094531284112,0,0,0,0,0.00392094531284112,0,0,0,0,0,0,0,0,0,1.19993442902996e-06,0,0,0,0,0.000319523641364776,0,0,0,0,1.10740929556933e-05,0,0,0,0,1.10740929556933e-05,0,0,0,0,0,0,0,0,0,0,0,0,0,0,0,0,0,0,0,1.14621878408843e-05,0,0,0,0,8.7067421300212e-05,0,0,0,0,1.39307874080339e-05,0,0,0,0,0.000178668610897665,0,0,0,0,0.00014272330130902,0
115,0,0,0,0.00370176824894149,0,0,0,0,0.00370176824894149,0,0,0,0,0,0,0,0,0,1.17516678829305e-06,0,0,0,0,0.000301662577775979,0,0,0,0,1.0834985958654e-05,0,0,0,0,1.0834985958654e-05,0,0,0,0,0,0,0,0,0,0,0,0,0,0,0,0,0,0,0,1.12255987876546e-05,0,0,0,0,8.408983672e-05,0,0,0,0,1.34543738752e-05,0,0,0,0,0.000168681207752988,0,0,0,0,0.000134745206325515,0
116,0,0,0,0.00378512373665551,0,0,0,0,0.00378512373665551,0,0,0,0,0,0,0,0,0,1.14986717831231e-06,0,0,0,0,0.000308455339938434,0,0,0,0,1.49166587215535e-05,0,0,0,0,1.49166587215535e-05,0,0,0,0,0,0,0,0,0,0,0,0,0,0,0,0,0,0,0,8.96700569716737e-05,0,0,0,0,0.000105188339493642,0,0,0,0,1.68301343189827e-05,0,0,0,0,0.000172479528824131,0,0,0,0,0.000137779365039692,0
117,0,0,0,0.00467831613810717,0,0,0,0,0.00467831613810717,0,0,0,0,0,0,0,0,0,1.2629874124678e-06,0,0,0,0,0.000381242911756002,0,0,0,0,1.541693563988e-05,0,0,0,0,1.541693563988e-05,0,0,0,0,0,0,0,0,0,0,0,0,0,0,0,0,0,0,0,9.06703597601162e-05,0,0,0,0,0.000114912751074264,0,0,0,0,1.83860401718823e-05,0,0,0,0,0.00021318028665135,0,0,0,0,0.000170291771632515,0
118,0,0,0,0.00519530375237697,0,0,0,0,0.00519530375237697,0,0,0,0,0,0,0,0,0,1.49996826702298e-06,0,0,0,0,0.00042337299822035,0,0,0,0,1.92354817262362e-05,0,0,0,0,1.92354817262362e-05,0,0,0,0,0,0,0,0,0,0,0,0,0,0,0,0,0,0,0,9.23790824081088e-05,0,0,0,0,0.000166224223497485,0,0,0,0,2.65958757595977e-05,0,0,0,0,0.000236738243093735,0,0,0,0,0.000189110238394295,0
119,0,0,0,0.00459790611997553,0,0,0,0,0.00459790611997553,0,0,0,0,0,0,0,0,0,1.47786969001305e-06,0,0,0,0,0.000374690180272733,0,0,0,0,1.35848928697515e-05,0,0,0,0,1.35848928697515e-05,0,0,0,0,0,0,0,0,0,0,0,0,0,0,0,0,0,0,0,1.41171214289767e-05,0,0,0,0,0.000105078624949699,0,0,0,0,1.68125799919518e-05,0,0,0,0,0.000209516183968054,0,0,0,0,0.00016736482868116,0
120,0,0,0,0.00525260389641223,0,0,0,0,0.00525260389641223,0,0,0,0,0,0,0,0,0,1.44605333242838e-06,0,0,0,0,0.000428042471832469,0,0,0,0,1.33277430279604e-05,0,0,0,0,1.33277430279604e-05,0,0,0,0,0,0,0,0,0,0,0,0,0,0,0,0,0,0,0,1.38132005576589e-05,0,0,0,0,0.000109134917435476,0,0,0,0,1.74615867896761e-05,0,0,0,0,0.000239349281076205,0,0,0,0,0.000191195976671596,0
121,0,0,0,0.00461387340864446,0,0,0,0,0.00461387340864446,0,0,0,0,0,0,0,0,0,1.41492193415688e-06,0,0,0,0,0.00037599137827759,0,0,0,0,1.73584823108755e-05,0,0,0,0,1.73584823108755e-05,0,0,0,0,0,0,0,0,0,0,0,0,0,0,0,0,0,0,0,9.20622871912588e-05,0,0,0,0,0.000124102832160359,0,0,0,0,1.98564531456574e-05,0,0,0,0,0.000210243777203527,0,0,0,0,0.000167946041620887,0
122,0,0,0,0.00536161764732891,0,0,0,0,0.00536161764732891,0,0,0,0,0,0,0,0,0,1.64594199517737e-06,0,0,0,0,0.000436926163869094,0,0,0,0,1.94940082884625e-05,0,0,0,0,1.94940082884625e-05,0,0,0,0,0,0,0,0,0,0,0,0,0,0,0,0,0,0,0,9.37747384428895e-05,0,0,0,0,0.000168366982739398,0,0,0,0,2.69387172383037e-05,0,0,0,0,0.0002443167911767,0,0,0,0,0.000195164102002993,0
123,0,0,0,0.00569661576808328,0,0,0,0,0.00569661576808328,0,0,0,0,0,0,0,0,0,1.62455403740545e-06,0,0,0,0,0.000464225656938594,0,0,0,0,1.5014377673192e-05,0,0,0,0,1.5014377673192e-05,0,0,0,0,0,0,0,0,0,0,0,0,0,0,0,0,0,0,0,1.55183013516633e-05,0,0,0,0,0.000121157059130758,0,0,0,0,1.93851294609212e-05,0,0,0,0,0.00025958189795911,0,0,0,0,0.00020735810980254,0
124,0,0,0,0.00531416906923888,0,0,0,0,0.00531416906923888,0,0,0,0,0,0,0,0,0,1.58813897475595e-06,0,0,0,0,0.000433059508958286,0,0,0,0,1.46232771304752e-05,0,0,0,0,1.46232771304752e-05,0,0,0,0,0,0,0,0,0,0,0,0,0,0,0,0,0,0,0,1.51730903563393e-05,0,0,0,0,0.000116108999822092,0,0,0,0,1.85774399715348e-05,0,0,0,0,0.000242154666775563,0,0,0,0,0.000193436962967095,0
125,0,0,0,0.00530979551305604,0,0,0,0,0.00530979551305604,0,0,0,0,0,0,0,0,0,1.55535847057553e-06,0,0,0,0,0.000432703101386704,0,0,0,0,1.4335070491413e-05,0,0,0,0,1.4335070491413e-05,0,0,0,0,0,0,0,0,0,0,0,0,0,0,0,0,0,0,0,1.4857320965496e-05,0,0,0,0,0.000114634715407509,0,0,0,0,1.83415544652014e-05,0,0,0,0,0.000241955373710875,0,0,0,0,0.00019327776452716,0
126,0,0,0,0.00503085790846395,0,0,0,0,0.00503085790846395,0,0,0,0,0,0,0,0,0,1.52187389368159e-06,0,0,0,0,0.00040997206281778,0,0,0,0,1.37133841064002e-05,0,0,0,0,1.37133841064002e-05,0,0,0,0,0,0,0,0,0,0,0,0,0,0,0,0,0,0,0,1.45374647293172e-05,0,0,0,0,0.000109195308619598,0,0,0,0,1.74712493791357e-05,0,0,0,0,0.000229244817872115,0,0,0,0,0.000183124372268351,0
127,0,0,0,0.00507557275312317,0,0,0,0,0.00507557275312317,0,0,0,0,0,0,0,0,0,1.48911019040681e-06,0,0,0,0,0.000413615941742024,0,0,0,0,1.36856213235642e-05,0,0,0,0,1.36856213235642e-05,0,0,0,0,0,0,0,0,0,0,0,0,0,0,0,0,0,0,0,1.42244945267685e-05,0,0,0,0,0.000109459687202102,0,0,0,0,1.75135499523364e-05,0,0,0,0,0.000231282372223002,0,0,0,0,0.000184752002785508,0
128,0,0,0,0.0047865322418556,0,0,0,0,0.0047865322418556,0,0,0,0,0,0,0,0,0,1.45705184140397e-06,0,0,0,0,0.000390061602343388,0,0,0,0,1.66841515412799e-05,0,0,0,0,1.66841515412799e-05,0,0,0,0,0,0,0,0,0,0,0,0,0,0,0,0,0,0,0,9.24306075393347e-05,0,0,0,0,0.000122125249609655,0,0,0,0,1.95400399375447e-05,0,0,0,0,0.000218111449774225,0,0,0,0,0.000174230862425542,0
129,0,0,0,0.00537215259901218,0,0,0,0,0.00537215259901218,0,0,0,0,0,0,0,0,0,1.56253810679243e-06,0,0,0,0,0.000437784672686449,0,0,0,0,1.58030439731006e-05,0,0,0,0,1.58030439731006e-05,0,0,0,0,0,0,0,0,0,0,0,0,0,0,0,0,0,0,0,3.82204976713337e-05,0,0,0,0,0.000122461304990182,0,0,0,0,1.95938087984291e-05,0,0,0,0,0.000244796845100675,0,0,0,0,0.000195547576640714,0
130,0,0,0,0.00506138339582302,0,0,0,0,0.00506138339582302,0,0,0,0,0,0,0,0,0,1.52889898239166e-06,0,0,0,0,0.000412459629997934,0,0,0,0,1.40818195219064e-05,0,0,0,0,1.40818195219064e-05,0,0,0,0,0,0,0,0,0,0,0,0,0,0,0,0,0,0,0,1.46045708014871e-05,0,0,0,0,0.000111337531454827,0,0,0,0,1.78140050327724e-05,0,0,0,0,0.000230635795299308,0,0,0,0,0.000184235506952042,0
131,0,0,0,0.00501009317957194,0,0,0,0,0.00501009317957194,0,0,0,0,0,0,0,0,0,1.49598403930461e-06,0,0,0,0,0.000408279914303034,0,0,0,0,1.37724195179629e-05,0,0,0,0,1.37724195179629e-05,0,0,0,0,0,0,0,0,0,0,0,0,0,0,0,0,0,0,0,1.4290155904049e-05,0,0,0,0,0.000109361435432611,0,0,0,0,1.74978296692177e-05,0,0,0,0,0.000228298616134832,0,0,0,0,0.000182368531413201,0
132,0,0,0,0.00523423599221008,0,0,0,0,0.00523423599221008,0,0,0,0,0,0,0,0,0,1.46510568934043e-06,0,0,0,0,0.000426545644111946,0,0,0,0,1.3494894322468e-05,0,0,0,0,1.3494894322468e-05,0,0,0,0,0,0,0,0,0,0,0,0,0,0,0,0,0,0,0,1.39951952470804e-05,0,0,0,0,0.000109802717844853,0,0,0,0,1.75684348551764e-05,0,0,0,0,0.000238512297219747,0,0,0,0,0.000190527380780377,0
133,0,0,0,0.00514044436823635,0,0,0,0,0.00514044436823635,0,0,0,0,0,0,0,0,0,1.43226472852275e-06,0,0,0,0,0.000418902425747371,0,0,0,0,1.31969732334799e-05,0,0,0,0,1.31969732334799e-05,0,0,0,0,0,0,0,0,0,0,0,0,0,0,0,0,0,0,0,1.36814870538155e-05,0,0,0,0,0.000107558190832833,0,0,0,0,1.72093105332533e-05,0,0,0,0,0.000234238425020015,0,0,0,0,0.000187113344332374,0
134,0,0,0,0.00504331452342621,0,0,0,0,0.00504331452342621,0,0,0,0,0,0,0,0,0,1.40143017858331e-06,0,0,0,0,0.000410987170822165,0,0,0,0,1.72902331390888e-05,0,0,0,0,1.72902331390888e-05,0,0,0,0,0,0,0,0,0,0,0,0,0,0,0,0,0,0,0,9.19405184446633e-05,0,0,0,0,0.000127239707897579,0,0,0,0,2.03583532636126e-05,0,0,0,0,0.000229812437645976,0,0,0,0,0.00018357779588656,0
135,0,0,0,0.00514742290186648,0,0,0,0,0.00514742290186648,0,0,0,0,0,0,0,0,0,1.50798986435298e-06,0,0,0,0,0.000419471116789704,0,0,0,0,1.43644803273895e-05,0,0,0,0,1.43644803273895e-05,0,0,0,0,0,0,0,0,0,0,0,0,0,0,0,0,0,0,0,2.11642858553683e-05,0,0,0,0,0.000113448004107229,0,0,0,0,1.81516806571567e-05,0,0,0,0,0.000234556421015959,0,0,0,0,0.000187367364543961,0
136,0,0,0,0.0044089082236031,0,0,0,0,0.0044089082236031,0,0,0,0,0,0,0,0,0,1.47552506973074e-06,0,0,0,0,0.000359288461748013,0,0,0,0,1.35229487800164e-05,0,0,0,0,1.35229487800164e-05,0,0,0,0,0,0,0,0,0,0,0,0,0,0,0,0,0,0,0,1.40947247649691e-05,0,0,0,0,0.00010326092688979,0,0,0,0,1.65217483023665e-05,0,0,0,0,0.000200903977239016,0,0,0,0,0.000160485262260687,0
137,0,0,0,0.00451268424578784,0,0,0,0,0.00451268424578784,0,0,0,0,0,0,0,0,0,1.44375918836575e-06,0,0,0,0,0.000367745323511993,0,0,0,0,1.33003850906292e-05,0,0,0,0,1.33003850906292e-05,0,0,0,0,0,0,0,0,0,0,0,0,0,0,0,0,0,0,0,1.37912861017156e-05,0,0,0,0,0.000102971048260525,0,0,0,0,1.64753677216839e-05,0,0,0,0,0.000205632815886041,0,0,0,0,0.000164262733074783,0
138,0,0,0,0.00454635584065661,0,0,0,0,0.00454635584065661,0,0,0,0,0,0,0,0,0,1.41267717963674e-06,0,0,0,0,0.000370489271653221,0,0,0,0,1.30127708465101e-05,0,0,0,0,1.30127708465101e-05,0,0,0,0,0,0,0,0,0,0,0,0,0,0,0,0,0,0,0,1.34943800259295e-05,0,0,0,0,0.000101813507106219,0,0,0,0,1.6290161136995e-05,0,0,0,0,0.000207167154317696,0,0,0,0,0.000165488386787492,0
139,0,0,0,0.00496998100235836,0,0,0,0,0.00496998100235836,0,0,0,0,0,0,0,0,0,1.38351835227418e-06,0,0,0,0,0.000405011113566544,0,0,0,0,1.27629878703375e-05,0,0,0,0,1.27629878703375e-05,0,0,0,0,0,0,0,0,0,0,0,0,0,0,0,0,0,0,0,1.32158448423697e-05,0,0,0,0,0.000104007764550505,0,0,0,0,1.66412423280807e-05,0,0,0,0,0.000226470794930757,0,0,0,0,0.000180908439038063,0
140,0,0,0,0.00475659421913356,0,0,0,0,0.00475659421913356,0,0,0,0,0,0,0,0,0,1.35373324001401e-06,0,0,0,0,0.000387621908526675,0,0,0,0,1.24995281470777e-05,0,0,0,0,1.24995281470777e-05,0,0,0,0,0,0,0,0,0,0,0,0,0,0,0,0,0,0,0,1.29313271692966e-05,0,0,0,0,0.000100994695869222,0,0,0,0,1.61591513390755e-05,0,0,0,0,0.000216747241782021,0,0,0,0,0.000173141111588273,0
141,0,0,0,0.00396535755495395,0,0,0,0,0.00396535755495395,0,0,0,0,0,0,0,0,0,1.32218920996926e-06,0,0,0,0,0.00032314286075929,0,0,0,0,1.18828465159594e-05,0,0,0,0,1.18828465159594e-05,0,0,0,0,0,0,0,0,0,0,0,0,0,0,0,0,0,0,0,1.26300077064291e-05,0,0,0,0,9.14248385522359e-05,0,0,0,0,1.46279741683577e-05,0,0,0,0,0.000180692376334832,0,0,0,0,0.000144339917024653,0
142,0,0,0,0.00466780337949097,0,0,0,0,0.00466780337949097,0,0,0,0,0,0,0,0,0,1.29607289954923e-06,0,0,0,0,0.000380386211484556,0,0,0,0,1.19408303945275e-05,0,0,0,0,1.19408303945275e-05,0,0,0,0,0,0,0,0,0,0,0,0,0,0,0,0,0,0,0,1.23805356948733e-05,0,0,0,0,9.74519501455398e-05,0,0,0,0,1.55923120232864e-05,0,0,0,0,0.000212701244015252,0,0,0,0,0.000169909104827483,0
143,0,0,0,0.00441963193953773,0,0,0,0,0.00441963193953773,0,0,0,0,0,0,0,0,0,1.26817035908276e-06,0,0,0,0,0.000360162353243814,0,0,0,0,1.1691375006214e-05,0,0,0,0,1.1691375006214e-05,0,0,0,0,0,0,0,0,0,0,0,0,0,0,0,0,0,0,0,1.21140009973706e-05,0,0,0,0,9.42135392330979e-05,0,0,0,0,1.50741662772957e-05,0,0,0,0,0.000201392632723046,0,0,0,0,0.000160875607960098,0
144,0,0,0,0.00437620215968291,0,0,0,0,0.00437620215968291,0,0,0,0,0,0,0,0,0,1.2397437866001e-06,0,0,0,0,0.000356623196153958,0,0,0,0,1.14027671663003e-05,0,0,0,0,1.14027671663003e-05,0,0,0,0,0,0,0,0,0,0,0,0,0,0,0,0,0,0,0,1.18424605651721e-05,0,0,0,0,9.23922753484035e-05,0,0,0,0,1.47827640557446e-05,0,0,0,0,0.00019941363586919,0,0,0,0,0.000159294754094142,0
145,0,0,0,0.00411275013359137,0,0,0,0,0.00411275013359137,0,0,0,0,0,0,0,0,0,1.21415444774169e-06,0,0,0,0,0.000335154100314745,0,0,0,0,1.11942134857519e-05,0,0,0,0,1.11942134857519e-05,0,0,0,0,0,0,0,0,0,0,0,0,0,0,0,0,0,0,0,1.15980223678646e-05,0,0,0,0,8.9243102219426e-05,0,0,0,0,1.42788963551082e-05,0,0,0,0,0.000187408722822891,0,0,0,0,0.000149705040415354,0
146,0,0,0,0.00461126594529691,0,0,0,0,0.00461126594529691,0,0,0,0,0,0,0,0,0,1.32297811713638e-06,0,0,0,0,0.000375778892227145,0,0,0,0,1.64103480616302e-05,0,0,0,0,1.64103480616302e-05,0,0,0,0,0,0,0,0,0,0,0,0,0,0,0,0,0,0,0,9.06868771305665e-05,0,0,0,0,0.000147338561723276,0,0,0,0,2.35741698757241e-05,0,0,0,0,0.000210124960995418,0,0,0,0,0.0001678511293619,0
147,0,0,0,0.00451631965222102,0,0,0,0,0.00451631965222102,0,0,0,0,0,0,0,0,0,1.43292648539369e-06,0,0,0,0,0.000368041578167105,0,0,0,0,1.74835691031408e-05,0,0,0,0,1.74835691031408e-05,0,0,0,0,0,0,0,0,0,0,0,0,0,0,0,0,0,0,0,9.11431066659283e-05,0,0,0,0,0.00013215664775621,0,0,0,0,2.11450636409936e-05,0,0,0,0,0.000205798473135923,0,0,0,0,0.000164395062695919,0
148,0,0,0,0.00447058928605821,0,0,0,0,0.00447058928605821,0,0,0,0,0,0,0,0,0,1.40360714756836e-06,0,0,0,0,0.000364314942891313,0,0,0,0,1.29445175978125e-05,0,0,0,0,1.29445175978125e-05,0,0,0,0,0,0,0,0,0,0,0,0,0,0,0,0,0,0,0,1.34077399489694e-05,0,0,0,0,0.00010086767426108,0,0,0,0,1.61388278817727e-05,0,0,0,0,0.000203714643766665,0,0,0,0,0.000162730466965025,0
149,0,0,0,0.00478910216192503,0,0,0,0,0.00478910216192503,0,0,0,0,0,0,0,0,0,1.37338955313546e-06,0,0,0,0,0.000390271028936488,0,0,0,0,1.26906030925969e-05,0,0,0,0,1.26906030925969e-05,0,0,0,0,0,0,0,0,0,0,0,0,0,0,0,0,0,0,0,1.31190910568945e-05,0,0,0,0,0.00010219497909652,0,0,0,0,1.63511966554432e-05,0,0,0,0,0.000218228555220051,0,0,0,0,0.000174324408100664,0
150,0,0,0,0.00438720430462022,0,0,0,0,0.00438720430462022,0,0,0,0,0,0,0,0,0,1.34260444812215e-06,0,0,0,0,0.000357519777241605,0,0,0,0,1.23648544048846e-05,0,0,0,0,1.23648544048846e-05,0,0,0,0,0,0,0,0,0,0,0,0,0,0,0,0,0,0,0,1.28250211078814e-05,0,0,0,0,9.72911846773365e-05,0,0,0,0,1.55665895483738e-05,0,0,0,0,0.00019991497873322,0,0,0,0,0.000159695234672586,0
151,0,0,0,0.00434225271352345,0,0,0,0,0.00434225271352345,0,0,0,0,0,0,0,0,0,1.31489197999192e-06,0,0,0,0,0.000353856605499489,0,0,0,0,1.64849627681448e-05,0,0,0,0,1.64849627681448e-05,0,0,0,0,0,0,0,0,0,0,0,0,0,0,0,0,0,0,0,9.11594749460883e-05,0,0,0,0,0.000117547834149544,0,0,0,0,1.8807653463927e-05,0,0,0,0,0.000197866636382564,0,0,0,0,0.000158058986531248,0
152,0,0,0,0.0047898332214013,0,0,0,0,0.0047898332214013,0,0,0,0,0,0,0,0,0,1.42331470571014e-06,0,0,0,0,0.000390330604056077,0,0,0,0,1.35500833275924e-05,0,0,0,0,1.35500833275924e-05,0,0,0,0,0,0,0,0,0,0,0,0,0,0,0,0,0,0,0,2.03846576025794e-05,0,0,0,0,0.000106498124512982,0,0,0,0,1.70396999220771e-05,0,0,0,0,0.000218261867947133,0,0,0,0,0.000174351018831899,0
153,0,0,0,0.00495302239213948,0,0,0,0,0.00495302239213948,0,0,0,0,0,0,0,0,0,1.39393631695354e-06,0,0,0,0,0.000403629131300207,0,0,0,0,1.28743704639042e-05,0,0,0,0,1.28743704639042e-05,0,0,0,0,0,0,0,0,0,0,0,0,0,0,0,0,0,0,0,1.33153608368987e-05,0,0,0,0,0.000104448407300311,0,0,0,0,1.67117451680497e-05,0,0,0,0,0.000225698029414074,0,0,0,0,0.000180291141768416,0
154,0,0,0,0.00423829515530142,0,0,0,0,0.00423829515530142,0,0,0,0,0,0,0,0,0,1.36269064757932e-06,0,0,0,0,0.000345384950094934,0,0,0,0,1.25084025121909e-05,0,0,0,0,1.25084025121909e-05,0,0,0,0,0,0,0,0,0,0,0,0,0,0,0,0,0,0,0,1.30168914181397e-05,0,0,0,0,9.68072308840636e-05,0,0,0,0,1.54891569414502e-05,0,0,0,0,0.000193129525548854,0,0,0,0,0.000154274907764099,0
155,0,0,0,0.0045118915929314,0,0,0,0,0.0045118915929314,0,0,0,0,0,0,0,0,0,1.3333539251229e-06,0,0,0,0,0.00036768072905662,0,0,0,0,1.22779620140937e-05,0,0,0,0,1.22779620140937e-05,0,0,0,0,0,0,0,0,0,0,0,0,0,0,0,0,0,0,0,1.27366569192403e-05,0,0,0,0,9.78643624777639e-05,0,0,0,0,1.56582979964422e-05,0,0,0,0,0.000205596696487915,0,0,0,0,0.000164233880330499,0
156,0,0,0,0.00434372366367455,0,0,0,0,0.00434372366367455,0,0,0,0,0,0,0,0,0,1.30464877908921e-06,0,0,0,0,0.000353976475406117,0,0,0,0,1.1712869813187e-05,0,0,0,0,1.1712869813187e-05,0,0,0,0,0,0,0,0,0,0,0,0,0,0,0,0,0,0,0,1.24624554563285e-05,0,0,0,0,9.36241361742219e-05,0,0,0,0,1.49798617878755e-05,0,0,0,0,0.000197933664254474,0,0,0,0,0.000158112529451354,0
157,0,0,0,0.00401937219926063,0,0,0,0,0.00401937219926063,0,0,0,0,0,0,0,0,0,1.27540452746515e-06,0,0,0,0,0.000327544594131946,0,0,0,0,1.1761943380927e-05,0,0,0,0,1.1761943380927e-05,0,0,0,0,0,0,0,0,0,0,0,0,0,0,0,0,0,0,0,1.21831042707375e-05,0,0,0,0,9.13478537422083e-05,0,0,0,0,1.46156565987533e-05,0,0,0,0,0.000183153701524653,0,0,0,0,0.00014630606236446,0
158,0,0,0,0.00466078379528235,0,0,0,0,0.00466078379528235,0,0,0,0,0,0,0,0,0,1.25021232327891e-06,0,0,0,0,0.000379814175169778,0,0,0,0,1.1543850852678e-05,0,0,0,0,1.1543850852678e-05,0,0,0,0,0,0,0,0,0,0,0,0,0,0,0,0,0,0,0,1.19424596408955e-05,0,0,0,0,9.54172434953471e-05,0,0,0,0,1.52667589592555e-05,0,0,0,0,0.00021238137743728,0,0,0,0,0.000169653590365501,0
159,0,0,0,0.00452481159176132,0,0,0,0,0.00452481159176132,0,0,0,0,0,0,0,0,0,1.22329709346884e-06,0,0,0,0,0.000368733598898758,0,0,0,0,1.12695293195731e-05,0,0,0,0,1.12695293195731e-05,0,0,0,0,0,0,0,0,0,0,0,0,0,0,0,0,0,0,0,1.16853560755673e-05,0,0,0,0,9.29358715335881e-05,0,0,0,0,1.48697394453741e-05,0,0,0,0,0.000206185431616706,0,0,0,0,0.0001647041712269,0
160,0,0,0,0.00393226222891978,0,0,0,0,0.00393226222891978,0,0,0,0,0,0,0,0,0,1.19696130891158e-06,0,0,0,0,0.00032044587361898,0,0,0,0,1.10128485291669e-05,0,0,0,0,1.10128485291669e-05,0,0,0,0,0,0,0,0,0,0,0,0,0,0,0,0,0,0,0,1.14337875712979e-05,0,0,0,0,8.68665560570579e-05,0,0,0,0,1.38986489691293e-05,0,0,0,0,0.000179184297170768,0,0,0,0,0.000143135239628611,0
161,0,0,0,0.00385171331835514,0,0,0,0,0.00385171331835514,0,0,0,0,0,0,0,0,0,1.17013091726663e-06,0,0,0,0,0.000313881823585614,0,0,0,0,1.07754225606009e-05,0,0,0,0,1.07754225606009e-05,0,0,0,0,0,0,0,0,0,0,0,0,0,0,0,0,0,0,0,1.11774944094061e-05,0,0,0,0,8.50175622310835e-05,0,0,0,0,1.36028099569734e-05,0,0,0,0,0.000175513865473399,0,0,0,0,0.000140203240961101,0
162,0,0,0,0.00409859276593381,0,0,0,0,0.00409859276593381,0,0,0,0,0,0,0,0,0,1.14493972217146e-06,0,0,0,0,0.000334000395454014,0,0,0,0,1.05634923812892e-05,0,0,0,0,1.05634923812892e-05,0,0,0,0,0,0,0,0,0,0,0,0,0,0,0,0,0,0,0,1.09368594187503e-05,0,0,0,0,8.59711145101244e-05,0,0,0,0,1.37553783216199e-05,0,0,0,0,0.000186763603594867,0,0,0,0,0.000149189709012155,0
163,0,0,0,0.00403903581511116,0,0,0,0,0.00403903581511116,0,0,0,0,0,0,0,0,0,1.12130721774613e-06,0,0,0,0,0.000329147011313942,0,0,0,0,1.36636629330968e-05,0,0,0,0,1.36636629330968e-05,0,0,0,0,0,0,0,0,0,0,0,0,0,0,0,0,0,0,0,8.93939535026451e-05,0,0,0,0,0.00010098806595283,0,0,0,0,1.61580905524527e-05,0,0,0,0,0.000184049728030744,0,0,0,0,0.000147021822454424,0
164,0,0,0,0.00414803223785387,0,0,0,0,0.00414803223785387,0,0,0,0,0,0,0,0,0,1.23302708976194e-06,0,0,0,0,0.000338029291252003,0,0,0,0,1.27898091660637e-05,0,0,0,0,1.27898091660637e-05,0,0,0,0,0,0,0,0,0,0,0,0,0,0,0,0,0,0,0,3.51865960808357e-05,0,0,0,0,9.74773414848906e-05,0,0,0,0,1.55963746375825e-05,0,0,0,0,0.000189016448525538,0,0,0,0,0.000150989317036347,0
165,0,0,0,0.00441381709723356,0,0,0,0,0.00441381709723356,0,0,0,0,0,0,0,0,0,1.2075764085942e-06,0,0,0,0,0.00035968849313133,0,0,0,0,1.11683517425166e-05,0,0,0,0,1.11683517425166e-05,0,0,0,0,0,0,0,0,0,0,0,0,0,0,0,0,0,0,0,1.15351866674221e-05,0,0,0,0,9.15392397744216e-05,0,0,0,0,1.46462783639074e-05,0,0,0,0,0.0002011276635092,0,0,0,0,0.000160663946377488,0
166,0,0,0,0.00365807291141585,0,0,0,0,0.00365807291141585,0,0,0,0,0,0,0,0,0,1.17943805357114e-06,0,0,0,0,0.000298101779998175,0,0,0,0,1.52304549097653e-05,0,0,0,0,1.52304549097653e-05,0,0,0,0,0,0,0,0,0,0,0,0,0,0,0,0,0,0,0,8.99466039018665e-05,0,0,0,0,0.000105719413405238,0,0,0,0,1.69151061448381e-05,0,0,0,0,0.000166690110036618,0,0,0,0,0.000133154686099934,0
167,0,0,0,0.00456052713231024,0,0,0,0,0.00456052713231024,0,0,0,0,0,0,0,0,0,1.29182388827146e-06,0,0,0,0,0.000371644111201016,0,0,0,0,1.23768465142082e-05,0,0,0,0,1.23768465142082e-05,0,0,0,0,0,0,0,0,0,0,0,0,0,0,0,0,0,0,0,1.91739842728735e-05,0,0,0,0,9.87574350246126e-05,0,0,0,0,1.5801189603938e-05,0,0,0,0,0.000207812908030732,0,0,0,0,0.000166004225027315,0
168,0,0,0,0.00403582034613046,0,0,0,0,0.00403582034613046,0,0,0,0,0,0,0,0,0,1.26401282871087e-06,0,0,0,0,0.000328884977983856,0,0,0,0,1.1633277676283e-05,0,0,0,0,1.1633277676283e-05,0,0,0,0,0,0,0,0,0,0,0,0,0,0,0,0,0,0,0,1.20742868322264e-05,0,0,0,0,9.08303592855865e-05,0,0,0,0,1.45328574856938e-05,0,0,0,0,0.000183903206380905,0,0,0,0,0.000146904778652084,0
169,0,0,0,0.00399729684007491,0,0,0,0,0.00399729684007491,0,0,0,0,0,0,0,0,0,1.23680049434641e-06,0,0,0,0,0.000325745640413221,0,0,0,0,1.13778296624015e-05,0,0,0,0,1.13778296624015e-05,0,0,0,0,0,0,0,0,0,0,0,0,0,0,0,0,0,0,0,1.18143452216447e-05,0,0,0,0,8.92249992964216e-05,0,0,0,0,1.42759998874275e-05,0,0,0,0,0.000182147777328806,0,0,0,0,0.000145502514268482,0
170,0,0,0,0.00435646481604485,0,0,0,0,0.00435646481604485,0,0,0,0,0,0,0,0,0,1.21127190747857e-06,0,0,0,0,0.000355014770785349,0,0,0,0,1.55163193499108e-05,0,0,0,0,1.55163193499108e-05,0,0,0,0,0,0,0,0,0,0,0,0,0,0,0,0,0,0,0,9.0214351316882e-05,0,0,0,0,0.000112813805171521,0,0,0,0,1.80502088274433e-05,0,0,0,0,0.000198514249754553,0,0,0,0,0.000158576310295942,0
171,0,0,0,0.00455441074634739,0,0,0,0,0.00455441074634739,0,0,0,0,0,0,0,0,0,1.32204945282095e-06,0,0,0,0,0.000371145677849129,0,0,0,0,1.23242058514966e-05,0,0,0,0,1.23242058514966e-05,0,0,0,0,0,0,0,0,0,0,0,0,0,0,0,0,0,0,0,1.94412465312984e-05,0,0,0,0,9.84236452234184e-05,0,0,0,0,1.57477832357469e-05,0,0,0,0,0.000207534198154285,0,0,0,0,0.000165781587186935,0
172,0,0,0,0.00464432292722239,0,0,0,0,0.00464432292722239,0,0,0,0,0,0,0,0,0,1.29241517723769e-06,0,0,0,0,0.000378472754649242,0,0,0,0,1.62911249528982e-05,0,0,0,0,1.62911249528982e-05,0,0,0,0,0,0,0,0,0,0,0,0,0,0,0,0,0,0,0,9.09566123842868e-05,0,0,0,0,0.000119013160072964,0,0,0,0,1.90421056116742e-05,0,0,0,0,0.000211631292905162,0,0,0,0,0.000169054411023663,0
173,0,0,0,0.00511169611497204,0,0,0,0,0.00511169611497204,0,0,0,0,0,0,0,0,0,1.40132179541182e-06,0,0,0,0,0.000416559688006091,0,0,0,0,1.77209651979466e-05,0,0,0,0,1.77209651979466e-05,0,0,0,0,0,0,0,0,0,0,0,0,0,0,0,0,0,0,0,9.19395402960645e-05,0,0,0,0,0.000129965107553493,0,0,0,0,2.07944172085589e-05,0,0,0,0,0.0002329284321314,0,0,0,0,0.000186066901374011,0
174,0,0,0,0.00494178739958861,0,0,0,0,0.00494178739958861,0,0,0,0,0,0,0,0,0,1.62955525509119e-06,0,0,0,0,0.000402713575115629,0,0,0,0,1.92822169071189e-05,0,0,0,0,1.92822169071189e-05,0,0,0,0,0,0,0,0,0,0,0,0,0,0,0,0,0,0,0,9.36226299582126e-05,0,0,0,0,0.000156901617578208,0,0,0,0,2.51042588125133e-05,0,0,0,0,0.000225186076210867,0,0,0,0,0.000179882185483871,0
175,0,0,0,0.00581243382689904,0,0,0,0,0.00581243382689904,0,0,0,0,0,0,0,0,0,1.61324251925768e-06,0,0,0,0,0.000473663842104659,0,0,0,0,1.49068053651694e-05,0,0,0,0,1.49068053651694e-05,0,0,0,0,0,0,0,0,0,0,0,0,0,0,0,0,0,0,0,1.54102650980606e-05,0,0,0,0,0.000121552953249705,0,0,0,0,1.94484725199528e-05,0,0,0,0,0.000264859464982987,0,0,0,0,0.000211573913489281,0
176,0,0,0,0.00520453005514312,0,0,0,0,0.00520453005514312,0,0,0,0,0,0,0,0,0,1.5770810095884e-06,0,0,0,0,0.000424124863299039,0,0,0,0,1.44930703204493e-05,0,0,0,0,1.44930703204493e-05,0,0,0,0,0,0,0,0,0,0,0,0,0,0,0,0,0,0,0,1.50648221559966e-05,0,0,0,0,0.000114534966627968,0,0,0,0,1.83255946604749e-05,0,0,0,0,0.000237158664845997,0,0,0,0,0.000189446077913747,0
177,0,0,0,0.0056536630920115,0,0,0,0,0.0056536630920115,0,0,0,0,0,0,0,0,0,1.54452875097035e-06,0,0,0,0,0.000460725379742717,0,0,0,0,1.42751313549757e-05,0,0,0,0,1.42751313549757e-05,0,0,0,0,0,0,0,0,0,0,0,0,0,0,0,0,0,0,0,1.47538717457923e-05,0,0,0,0,0.000117092169743135,0,0,0,0,1.87347471589015e-05,0,0,0,0,0.000257624641645703,0,0,0,0,0.000205794622622817,0
178,0,0,0,0.00525575185385377,0,0,0,0,0.00525575185385377,0,0,0,0,0,0,0,0,0,1.50990748879012e-06,0,0,0,0,0.000428299003547228,0,0,0,0,1.39417219363382e-05,0,0,0,0,1.39417219363382e-05,0,0,0,0,0,0,0,0,0,0,0,0,0,0,0,0,0,0,0,1.44231574994154e-05,0,0,0,0,0.000112197562569533,0,0,0,0,1.79516100111253e-05,0,0,0,0,0.000239492726377878,0,0,0,0,0.000191310563038553,0
179,0,0,0,0.0048204806356999,0,0,0,0,0.0048204806356999,0,0,0,0,0,0,0,0,0,1.47740140458664e-06,0,0,0,0,0.000392828107243136,0,0,0,0,1.35842516839551e-05,0,0,0,0,1.35842516839551e-05,0,0,0,0,0,0,0,0,0,0,0,0,0,0,0,0,0,0,0,1.41126481631568e-05,0,0,0,0,0.00010688896910754,0,0,0,0,1.71022350572065e-05,0,0,0,0,0.000219658401309229,0,0,0,0,0.000175466591683925,0
180,0,0,0,0.00488572825802326,0,0,0,0,0.00488572825802326,0,0,0,0,0,0,0,0,0,1.44559512849596e-06,0,0,0,0,0.000398145232632994,0,0,0,0,1.33579900802531e-05,0,0,0,0,1.33579900802531e-05,0,0,0,0,0,0,0,0,0,0,0,0,0,0,0,0,0,0,0,1.38088236355407e-05,0,0,0,0,0.00010632466201907,0,0,0,0,1.70119459230513e-05,0,0,0,0,0.00022263158790449,0,0,0,0,0.000177841619978774,0
181,0,0,0,0.00491001913710462,0,0,0,0,0.00491001913710462,0,0,0,0,0,0,0,0,0,1.55030680778291e-06,0,0,0,0,0.000400124732349709,0,0,0,0,1.8483848947599e-05,0,0,0,0,1.8483848947599e-05,0,0,0,0,0,0,0,0,0,0,0,0,0,0,0,0,0,0,0,9.28495236249757e-05,0,0,0,0,0.000159887449826231,0,0,0,0,2.55819919721969e-05,0,0,0,0,0.000223738468331701,0,0,0,0,0.000178725813502931,0
182,0,0,0,0.00542196021200576,0,0,0,0,0.00542196021200576,0,0,0,0,0,0,0,0,0,1.64802226543314e-06,0,0,0,0,0.000441843568845821,0,0,0,0,1.92492802466322e-05,0,0,0,0,1.92492802466322e-05,0,0,0,0,0,0,0,0,0,0,0,0,0,0,0,0,0,0,0,9.37946279176283e-05,0,0,0,0,0.000168159404885589,0,0,0,0,2.69055047816943e-05,0,0,0,0,0.000247066465387535,0,0,0,0,0.000197360585083725,0
183,0,0,0,0.0048005060276265,0,0,0,0,0.0048005060276265,0,0,0,0,0,0,0,0,0,1.62218710625943e-06,0,0,0,0,0.000391200346844248,0,0,0,0,1.48654341346758e-05,0,0,0,0,1.48654341346758e-05,0,0,0,0,0,0,0,0,0,0,0,0,0,0,0,0,0,0,0,1.54956911731872e-05,0,0,0,0,0.000113137887906981,0,0,0,0,1.81020620651169e-05,0,0,0,0,0.000218748203590834,0,0,0,0,0.000174739511406306,0
184,0,0,0,0.00583183592881944,0,0,0,0,0.00583183592881944,0,0,0,0,0,0,0,0,0,1.58870382043704e-06,0,0,0,0,0.000475244948129126,0,0,0,0,1.46740126422926e-05,0,0,0,0,1.46740126422926e-05,0,0,0,0,0,0,0,0,0,0,0,0,0,0,0,0,0,0,0,1.51758472570047e-05,0,0,0,0,0.000120531594902022,0,0,0,0,1.92850551843235e-05,0,0,0,0,0.000265743574890682,0,0,0,0,0.000212280154412699,0
185,0,0,0,0.00495932861991221,0,0,0,0,0.00495932861991221,0,0,0,0,0,0,0,0,0,1.55309235547756e-06,0,0,0,0,0.000404143035142379,0,0,0,0,1.42636204286955e-05,0,0,0,0,1.42636204286955e-05,0,0,0,0,0,0,0,0,0,0,0,0,0,0,0,0,0,0,0,1.48356742518976e-05,0,0,0,0,0.000111424606347697,0,0,0,0,1.78279370156316e-05,0,0,0,0,0.00022598538995248,0,0,0,0,0.00018052068989386,0
186,0,0,0,0.00497029056187769,0,0,0,0,0.00497029056187769,0,0,0,0,0,0,0,0,0,1.51965656470379e-06,0,0,0,0,0.000405036340030302,0,0,0,0,1.79804746786447e-05,0,0,0,0,1.79804746786447e-05,0,0,0,0,0,0,0,0,0,0,0,0,0,0,0,0,0,0,0,9.30075611118608e-05,0,0,0,0,0.00013003144414127,0,0,0,0,2.08050310626032e-05,0,0,0,0,0.000226484900858,0,0,0,0,0.000180919707074984,0
187,0,0,0,0.00603423490547633,0,0,0,0,0.00603423490547633,0,0,0,0,0,0,0,0,0,1.62514403956103e-06,0,0,0,0,0.000491738740536307,0,0,0,0,1.54515801387657e-05,0,0,0,0,1.54515801387657e-05,0,0,0,0,0,0,0,0,0,0,0,0,0,0,0,0,0,0,0,2.22293950481293e-05,0,0,0,0,0.000126084227516749,0,0,0,0,2.01734764026798e-05,0,0,0,0,0.000274966438542456,0,0,0,0,0.000219647523203953,0
188,0,0,0,0.00560300442766792,0,0,0,0,0.00560300442766792,0,0,0,0,0,0,0,0,0,1.72439104989269e-06,0,0,0,0,0.000456597130148232,0,0,0,0,2.01201852301873e-05,0,0,0,0,2.01201852301873e-05,0,0,0,0,0,0,0,0,0,0,0,0,0,0,0,0,0,0,0,9.43317491861688e-05,0,0,0,0,0.000168749958649598,0,0,0,0,2.69999933839357e-05,0,0,0,0,0.000255316240873431,0,0,0,0,0.000203950635717072,0
189,0,0,0,0.00609770905465563,0,0,0,0,0.00609770905465563,0,0,0,0,0,0,0,0,0,1.68964107781606e-06,0,0,0,0,0.000496911342972735,0,0,0,0,1.5559563856065e-05,0,0,0,0,1.5559563856065e-05,0,0,0,0,0,0,0,0,0,0,0,0,0,0,0,0,0,0,0,1.61428421260184e-05,0,0,0,0,0.00012712956846984,0,0,0,0,2.03407309551744e-05,0,0,0,0,0.000277858811977157,0,0,0,0,0.000221957996672936,0
190,0,0,0,0.00573277339555038,0,0,0,0,0.00573277339555038,0,0,0,0,0,0,0,0,0,1.65326559418086e-06,0,0,0,0,0.000467172195558645,0,0,0,0,1.52532643314695e-05,0,0,0,0,1.52532643314695e-05,0,0,0,0,0,0,0,0,0,0,0,0,0,0,0,0,0,0,0,1.57925636042393e-05,0,0,0,0,0.000122645557693221,0,0,0,0,1.96232892309154e-05,0,0,0,0,0.000261229519274241,0,0,0,0,0.00020867425566734,0
191,0,0,0,0.00526258556622007,0,0,0,0,0.00526258556622007,0,0,0,0,0,0,0,0,0,1.61767322112877e-06,0,0,0,0,0.000428855892890257,0,0,0,0,1.49149116105735e-05,0,0,0,0,1.49149116105735e-05,0,0,0,0,0,0,0,0,0,0,0,0,0,0,0,0,0,0,0,1.54525729716214e-05,0,0,0,0,0.000117118114223413,0,0,0,0,1.87388982757461e-05,0,0,0,0,0.000239804123196334,0,0,0,0,0.000191559311723193,0
192,0,0,0,0.0054448553513913,0,0,0,0,0.0054448553513913,0,0,0,0,0,0,0,0,0,1.58428310563469e-06,0,0,0,0,0.000443709327667312,0,0,0,0,1.46009182282249e-05,0,0,0,0,1.46009182282249e-05,0,0,0,0,0,0,0,0,0,0,0,0,0,0,0,0,0,0,0,1.51336190633388e-05,0,0,0,0,0.00011702069692715,0,0,0,0,1.87233115083441e-05,0,0,0,0,0.000248109745113199,0,0,0,0,0.000198193973365457,0
193,0,0,0,0.0048626218233501,0,0,0,0,0.0048626218233501,0,0,0,0,0,0,0,0,0,1.54877073285857e-06,0,0,0,0,0.000396262255045537,0,0,0,0,1.42291476305268e-05,0,0,0,0,1.42291476305268e-05,0,0,0,0,0,0,0,0,0,0,0,0,0,0,0,0,0,0,0,1.47943926209702e-05,0,0,0,0,0.00011045547926216,0,0,0,0,1.76728766819455e-05,0,0,0,0,0.000221578679930402,0,0,0,0,0.000177000540500508,0
194,0,0,0,0.00511315937611858,0,0,0,0,0.00511315937611858,0,0,0,0,0,0,0,0,0,1.51542798025422e-06,0,0,0,0,0.000416678931324349,0,0,0,0,1.39829719264727e-05,0,0,0,0,1.39829719264727e-05,0,0,0,0,0,0,0,0,0,0,0,0,0,0,0,0,0,0,0,1.44758911393583e-05,0,0,0,0,0.000111257875352942,0,0,0,0,1.78012600564707e-05,0,0,0,0,0.000232995109632761,0,0,0,0,0.000186120164412602,0
195,0,0,0,0.00511234970345678,0,0,0,0,0.00511234970345678,0,0,0,0,0,0,0,0,0,1.61857432677025e-06,0,0,0,0,0.000416612949899828,0,0,0,0,1.90968363619995e-05,0,0,0,0,1.90968363619995e-05,0,0,0,0,0,0,0,0,0,0,0,0,0,0,0,0,0,0,0,9.35130758422057e-05,0,0,0,0,0.000164762094704722,0,0,0,0,2.63619351527555e-05,0,0,0,0,0.000232958214680595,0,0,0,0,0.000186090692143531,0
196,0,0,0,0.00574066235684416,0,0,0,0,0.00574066235684416,0,0,0,0,0,0,0,0,0,1.58744737383482e-06,0,0,0,0,0.000467815078699841,0,0,0,0,1.46780593290592e-05,0,0,0,0,1.46780593290592e-05,0,0,0,0,0,0,0,0,0,0,0,0,0,0,0,0,0,0,0,1.51638452454906e-05,0,0,0,0,0.000119823029889443,0,0,0,0,1.91716847823109e-05,0,0,0,0,0.000261589001399934,0,0,0,0,0.000208961415652985,0
197,0,0,0,0.00499519006158072,0,0,0,0,0.00499519006158072,0,0,0,0,0,0,0,0,0,1.55186407265488e-06,0,0,0,0,0.000407065437142985,0,0,0,0,1.42548670722584e-05,0,0,0,0,1.42548670722584e-05,0,0,0,0,0,0,0,0,0,0,0,0,0,0,0,0,0,0,0,1.48239412704157e-05,0,0,0,0,0.000111645296730235,0,0,0,0,1.78632474768376e-05,0,0,0,0,0.000227619514750578,0,0,0,0,0.000181826054528217,0
198,0,0,0,0.00544520717351897,0,0,0,0,0.00544520717351897,0,0,0,0,0,0,0,0,0,1.51983231250687e-06,0,0,0,0,0.000443737998173625,0,0,0,0,1.83591903268009e-05,0,0,0,0,1.83591903268009e-05,0,0,0,0,0,0,0,0,0,0,0,0,0,0,0,0,0,0,0,9.29967140050176e-05,0,0,0,0,0.000135838158265084,0,0,0,0,2.17341053224135e-05,0,0,0,0,0.00024812577685193,0,0,0,0,0.000198206779770936,0
199,0,0,0,0.0057930369262762,0,0,0,0,0.0057930369262762,0,0,0,0,0,0,0,0,0,1.62396700682547e-06,0,0,0,0,0.000472083159941635,0,0,0,0,1.54370569702337e-05,0,0,0,0,1.54370569702337e-05,0,0,0,0,0,0,0,0,0,0,0,0,0,0,0,0,0,0,0,2.22185675961738e-05,0,0,0,0,0.000124055415923333,0,0,0,0,1.98488665477333e-05,0,0,0,0,0.00026397559208666,0,0,0,0,0.000210867861894277,0
200,0,0,0,0.00556522984065674,0,0,0,0,0.00556522984065674,0,0,0,0,0,0,0,0,0,1.58756512216569e-06,0,0,0,0,0.000453518823099843,0,0,0,0,1.46200484761404e-05,0,0,0,0,1.46200484761404e-05,0,0,0,0,0,0,0,0,0,0,0,0,0,0,0,0,0,0,0,1.51649700180786e-05,0,0,0,0,0.000118086739022225,0,0,0,0,1.88938782435559e-05,0,0,0,0,0.000253594938368543,0,0,0,0,0.000202575632157046,0
201,0,0,0,0.00436081934595141,0,0,0,0,0.00436081934595141,0,0,0,0,0,0,0,0,0,1.55197918160735e-06,0,0,0,0,0.000355369627877494,0,0,0,0,1.39111551479267e-05,0,0,0,0,1.39111551479267e-05,0,0,0,0,0,0,0,0,0,0,0,0,0,0,0,0,0,0,0,1.48250408308612e-05,0,0,0,0,0.000104777499142717,0,0,0,0,1.67643998628347e-05,0,0,0,0,0.000198712675834858,0,0,0,0,0.000158734816175092,0
202,0,0,0,0.00596241046622181,0,0,0,0,0.00596241046622181,0,0,0,0,0,0,0,0,0,1.65568265849695e-06,0,0,0,0,0.000485885660592951,0,0,0,0,1.94871473209098e-05,0,0,0,0,1.94871473209098e-05,0,0,0,0,0,0,0,0,0,0,0,0,0,0,0,0,0,0,0,9.38678690225612e-05,0,0,0,0,0.000173716640334196,0,0,0,0,2.77946624534714e-05,0,0,0,0,0.000271693561272763,0,0,0,0,0.000217033097276741,0
203,0,0,0,0.0059856104027456,0,0,0,0,0.0059856104027456,0,0,0,0,0,0,0,0,0,1.75799567609681e-06,0,0,0,0,0.000487776257784714,0,0,0,0,2.0416346419117e-05,0,0,0,0,2.0416346419117e-05,0,0,0,0,0,0,0,0,0,0,0,0,0,0,0,0,0,0,0,9.48460849438439e-05,0,0,0,0,0.000178547545764103,0,0,0,0,2.85676073222565e-05,0,0,0,0,0.000272750729914734,0,0,0,0,0.000217877580243639,0
204,0,0,0,0.00607467580306647,0,0,0,0,0.00607467580306647,0,0,0,0,0,0,0,0,0,1.7241148274173e-06,0,0,0,0,0.000495034329183194,0,0,0,0,1.58985461733516e-05,0,0,0,0,1.58985461733516e-05,0,0,0,0,0,0,0,0,0,0,0,0,0,0,0,0,0,0,0,1.64693399348664e-05,0,0,0,0,0.000128649026515543,0,0,0,0,2.05838442424868e-05,0,0,0,0,0.000276809238790708,0,0,0,0,0.000221119581075575,0
205,0,0,0,0.00559673634882637,0,0,0,0,0.00559673634882637,0,0,0,0,0,0,0,0,0,1.68546806773003e-06,0,0,0,0,0.000456086335118967,0,0,0,0,1.98961333384037e-05,0,0,0,0,1.98961333384037e-05,0,0,0,0,0,0,0,0,0,0,0,0,0,0,0,0,0,0,0,9.45040793955275e-05,0,0,0,0,0.000144754438912386,0,0,0,0,2.31607102259817e-05,0,0,0,0,0.000255030618695547,0,0,0,0,0.000203722476221401,0
206,0,0,0,0.00600680202620873,0,0,0,0,0.00600680202620873,0,0,0,0,0,0,0,0,0,1.78591283612223e-06,0,0,0,0,0.00048950319457039,0,0,0,0,1.6891358490776e-05,0,0,0,0,1.6891358490776e-05,0,0,0,0,0,0,0,0,0,0,0,0,0,0,0,0,0,0,0,2.37232016503102e-05,0,0,0,0,0.000133018551818175,0,0,0,0,2.1282968290908e-05,0,0,0,0,0.000273716384272223,0,0,0,0,0.000218648960158286,0
207,0,0,0,0.00572447317698139,0,0,0,0,0.00572447317698139,0,0,0,0,0,0,0,0,0,1.74746476928664e-06,0,0,0,0,0.000466495798452927,0,0,0,0,1.60567000466462e-05,0,0,0,0,1.60567000466462e-05,0,0,0,0,0,0,0,0,0,0,0,0,0,0,0,0,0,0,0,1.66923866390626e-05,0,0,0,0,0.000126562862059969,0,0,0,0,2.02500579295951e-05,0,0,0,0,0.000260851297084554,0,0,0,0,0.000208372125823327,0
208,0,0,0,0.00608243571535563,0,0,0,0,0.00608243571535563,0,0,0,0,0,0,0,0,0,1.71139564870887e-06,0,0,0,0,0.000495666695929852,0,0,0,0,1.57291898219474e-05,0,0,0,0,1.57291898219474e-05,0,0,0,0,0,0,0,0,0,0,0,0,0,0,0,0,0,0,0,1.63478419495231e-05,0,0,0,0,0.000127830345854576,0,0,0,0,2.04528553367321e-05,0,0,0,0,0.000277162840445098,0,0,0,0,0.000221402043648095,0
209,0,0,0,0.00596532638416199,0,0,0,0,0.00596532638416199,0,0,0,0,0,0,0,0,0,1.67455182120591e-06,0,0,0,0,0.000486123283065041,0,0,0,0,1.54238963368098e-05,0,0,0,0,1.54238963368098e-05,0,0,0,0,0,0,0,0,0,0,0,0,0,0,0,0,0,0,0,1.59958969920329e-05,0,0,0,0,0.000125372309637815,0,0,0,0,2.00595695420504e-05,0,0,0,0,0.000271826433059104,0,0,0,0,0.000217139237353065,0
210,0,0,0,0.00549043180867352,0,0,0,0,0.00549043180867352,0,0,0,0,0,0,0,0,0,1.63701603716827e-06,0,0,0,0,0.000447423420680451,0,0,0,0,1.50711177302921e-05,0,0,0,0,1.50711177302921e-05,0,0,0,0,0,0,0,0,0,0,0,0,0,0,0,0,0,0,0,1.56373422268845e-05,0,0,0,0,0.000119736504659968,0,0,0,0,1.91578407455949e-05,0,0,0,0,0.000250186561202824,0,0,0,0,0.000199852966778088,0
211,0,0,0,0.00561049388952439,0,0,0,0,0.00561049388952439,0,0,0,0,0,0,0,0,0,1.603226669926e-06,0,0,0,0,0.00045720745748853,0,0,0,0,1.47920423371207e-05,0,0,0,0,1.47920423371207e-05,0,0,0,0,0,0,0,0,0,0,0,0,0,0,0,0,0,0,0,1.53145745280956e-05,0,0,0,0,0.000119370745770878,0,0,0,0,1.90993193233405e-05,0,0,0,0,0.000255657518713212,0,0,0,0,0.000204223253832321,0
212,0,0,0,0.00591000186631654,0,0,0,0,0.00591000186631654,0,0,0,0,0,0,0,0,0,1.56871156120788e-06,0,0,0,0,0.000481614806157487,0,0,0,0,1.88171701250446e-05,0,0,0,0,1.88171701250446e-05,0,0,0,0,0,0,0,0,0,0,0,0,0,0,0,0,0,0,0,9.343746983627e-05,0,0,0,0,0.000141870313188268,0,0,0,0,2.26992501101229e-05,0,0,0,0,0.00026930541989433,0,0,0,0,0.000215125412318482,0
213,0,0,0,0.00590403493772809,0,0,0,0,0.00590403493772809,0,0,0,0,0,0,0,0,0,1.67027864442243e-06,0,0,0,0,0.000481128552308421,0,0,0,0,1.58645699063159e-05,0,0,0,0,1.58645699063159e-05,0,0,0,0,0,0,0,0,0,0,0,0,0,0,0,0,0,0,0,2.26585247807004e-05,0,0,0,0,0.000127057617520001,0,0,0,0,2.03292188032001e-05,0,0,0,0,0.000269033520452445,0,0,0,0,0.000214908214760528,0
214,0,0,0,0.00523294720979789,0,0,0,0,0.00523294720979789,0,0,0,0,0,0,0,0,0,1.63283865138765e-06,0,0,0,0,0.000426440619324194,0,0,0,0,1.5021161072401e-05,0,0,0,0,1.5021161072401e-05,0,0,0,0,0,0,0,0,0,0,0,0,0,0,0,0,0,0,0,1.55974383960226e-05,0,0,0,0,0.000117429113708565,0,0,0,0,1.87886581933704e-05,0,0,0,0,0.000238453570319736,0,0,0,0,0.000190480468807406,0
215,0,0,0,0.00581166939597165,0,0,0,0,0.00581166939597165,0,0,0,0,0,0,0,0,0,1.60058629237282e-06,0,0,0,0,0.000473601547496088,0,0,0,0,1.47388242264733e-05,0,0,0,0,1.47388242264733e-05,0,0,0,0,0,0,0,0,0,0,0,0,0,0,0,0,0,0,0,1.52893527303431e-05,0,0,0,0,0.000120682058585647,0,0,0,0,1.93091293737035e-05,0,0,0,0,0.000264824631594346,0,0,0,0,0.000211546088029634,0
216,0,0,0,0.00532603477657036,0,0,0,0,0.00532603477657036,0,0,0,0,0,0,0,0,0,1.56612802709427e-06,0,0,0,0,0.000434026463024569,0,0,0,0,1.40943197596368e-05,0,0,0,0,1.40943197596368e-05,0,0,0,0,0,0,0,0,0,0,0,0,0,0,0,0,0,0,0,1.49601954866317e-05,0,0,0,0,0.00011349881611658,0,0,0,0,1.81598105786529e-05,0,0,0,0,0.000242695360224995,0,0,0,0,0.000193868877413127,0
217,0,0,0,0.00544672640108856,0,0,0,0,0.00544672640108856,0,0,0,0,0,0,0,0,0,1.53241159751158e-06,0,0,0,0,0.000443861802278597,0,0,0,0,1.41139495843756e-05,0,0,0,0,1.41139495843756e-05,0,0,0,0,0,0,0,0,0,0,0,0,0,0,0,0,0,0,0,1.46381245135427e-05,0,0,0,0,0.000114609872352156,0,0,0,0,1.83375795763449e-05,0,0,0,0,0.000248195004616624,0,0,0,0,0.000198262080000057,0
218,0,0,0,0.00504958629338937,0,0,0,0,0.00504958629338937,0,0,0,0,0,0,0,0,0,1.49942103299493e-06,0,0,0,0,0.000411498266646396,0,0,0,0,1.37827026232226e-05,0,0,0,0,1.37827026232226e-05,0,0,0,0,0,0,0,0,0,0,0,0,0,0,0,0,0,0,0,1.43229872541073e-05,0,0,0,0,0.000109756020254357,0,0,0,0,1.75609632406972e-05,0,0,0,0,0.000230098228019924,0,0,0,0,0.000183806089739898,0
219,0,0,0,0.00521405431149094,0,0,0,0,0.00521405431149094,0,0,0,0,0,0,0,0,0,1.46714070673861e-06,0,0,0,0,0.000424901009056435,0,0,0,0,1.3512099445187e-05,0,0,0,0,1.3512099445187e-05,0,0,0,0,0,0,0,0,0,0,0,0,0,0,0,0,0,0,0,1.40146344356836e-05,0,0,0,0,0.000109728935852312,0,0,0,0,1.75566297363699e-05,0,0,0,0,0.00023759266366917,0,0,0,0,0.000189792763011349,0
220,0,0,0,0.00508064408169949,0,0,0,0,0.00508064408169949,0,0,0,0,0,0,0,0,0,1.43555532835903e-06,0,0,0,0,0.000414029211819511,0,0,0,0,1.32484152170936e-05,0,0,0,0,1.32484152170936e-05,0,0,0,0,0,0,0,0,0,0,0,0,0,0,0,0,0,0,0,1.37129199992499e-05,0,0,0,0,0.000107336453446445,0,0,0,0,1.71738325514312e-05,0,0,0,0,0.000231513461197686,0,0,0,0,0.000184936600299292,0
221,0,0,0,0.00508736076310373,0,0,0,0,0.00508736076310373,0,0,0,0,0,0,0,0,0,1.40464993665202e-06,0,0,0,0,0.000414576564136092,0,0,0,0,1.29609966264475e-05,0,0,0,0,1.29609966264475e-05,0,0,0,0,0,0,0,0,0,0,0,0,0,0,0,0,0,0,0,1.34177010302199e-05,0,0,0,0,0.000105948438764975,0,0,0,0,1.6951750202396e-05,0,0,0,0,0.000231819525179861,0,0,0,0,0.000185181089030292,0
222,0,0,0,0.00463194624026598,0,0,0,0,0.00463194624026598,0,0,0,0,0,0,0,0,0,1.37316411698196e-06,0,0,0,0,0.000377464160096445,0,0,0,0,1.59377709551267e-05,0,0,0,0,1.59377709551267e-05,0,0,0,0,0,0,0,0,0,0,0,0,0,0,0,0,0,0,0,9.1674171941569e-05,0,0,0,0,0.000117126744341513,0,0,0,0,1.8740279094642e-05,0,0,0,0,0.000211067315269775,0,0,0,0,0.000168603896803049,0
223,0,0,0,0.00575752069417713,0,0,0,0,0.00575752069417713,0,0,0,0,0,0,0,0,0,1.60953852544569e-06,0,0,0,0,0.000469188889580178,0,0,0,0,2.03206831856579e-05,0,0,0,0,2.03206831856579e-05,0,0,0,0,0,0,0,0,0,0,0,0,0,0,0,0,0,0,0,9.34266859095288e-05,0,0,0,0,0.0001762515205744,0,0,0,0,2.8200243291904e-05,0,0,0,0,0.000262357197707968,0,0,0,0,0.000209575062966775,0
224,0,0,0,0.00569790209724007,0,0,0,0,0.00569790209724007,0,0,0,0,0,0,0,0,0,1.72000568451756e-06,0,0,0,0,0.00046433048180693,0,0,0,0,2.0086230403965e-05,0,0,0,0,2.0086230403965e-05,0,0,0,0,0,0,0,0,0,0,0,0,0,0,0,0,0,0,0,9.44828622163699e-05,0,0,0,0,0.000174585447984437,0,0,0,0,2.793367167751e-05,0,0,0,0,0.00025964051306982,0,0,0,0,0.000207404932476456,0
225,0,0,0,0.00611715192313452,0,0,0,0,0.00611715192313452,0,0,0,0,0,0,0,0,0,1.68687522648232e-06,0,0,0,0,0.000498495771124438,0,0,0,0,1.55439714545189e-05,0,0,0,0,1.55439714545189e-05,0,0,0,0,0,0,0,0,0,0,0,0,0,0,0,0,0,0,0,1.61136144129465e-05,0,0,0,0,0.000127180000693065,0,0,0,0,2.03488001108904e-05,0,0,0,0,0.000278744779524731,0,0,0,0,0.000222665721508357,0
226,0,0,0,0.00553891444893716,0,0,0,0,0.00553891444893716,0,0,0,0,0,0,0,0,0,1.64906320812741e-06,0,0,0,0,0.000451374342849471,0,0,0,0,1.52253693316765e-05,0,0,0,0,1.52253693316765e-05,0,0,0,0,0,0,0,0,0,0,0,0,0,0,0,0,0,0,0,1.57524209621422e-05,0,0,0,0,0.000120909311306507,0,0,0,0,1.93454898090411e-05,0,0,0,0,0.000252395805478736,0,0,0,0,0.00020161774591233,0
227,0,0,0,0.00504419902913239,0,0,0,0,0.00504419902913239,0,0,0,0,0,0,0,0,0,1.61356130625711e-06,0,0,0,0,0.000411059250502318,0,0,0,0,1.48754131618958e-05,0,0,0,0,1.48754131618958e-05,0,0,0,0,0,0,0,0,0,0,0,0,0,0,0,0,0,0,0,1.54132945414802e-05,0,0,0,0,0.00011514895631478,0,0,0,0,1.84238330103648e-05,0,0,0,0,0.000229852742570744,0,0,0,0,0.000183609992095469,0
228,0,0,0,0.00542579814273752,0,0,0,0,0.00542579814273752,0,0,0,0,0,0,0,0,0,1.57882370804128e-06,0,0,0,0,0.000442156327506009,0,0,0,0,1.45944167576316e-05,0,0,0,0,1.45944167576316e-05,0,0,0,0,0,0,0,0,0,0,0,0,0,0,0,0,0,0,0,1.50814690131361e-05,0,0,0,0,0.000116845211895576,0,0,0,0,1.86952339032922e-05,0,0,0,0,0.000247241351211706,0,0,0,0,0.000197500286635399,0
229,0,0,0,0.00559036144792262,0,0,0,0,0.00559036144792262,0,0,0,0,0,0,0,0,0,1.54623547868336e-06,0,0,0,0,0.000455566835001627,0,0,0,0,1.85863283642538e-05,0,0,0,0,1.85863283642538e-05,0,0,0,0,0,0,0,0,0,0,0,0,0,0,0,0,0,0,0,9.3234797645112e-05,0,0,0,0,0.00013815958583944,0,0,0,0,2.21055337343104e-05,0,0,0,0,0.000254740128877861,0,0,0,0,0.000203490428378366,0
230,0,0,0,0.00530333288419832,0,0,0,0,0.00530333288419832,0,0,0,0,0,0,0,0,0,1.64830637274985e-06,0,0,0,0,0.00043217645218845,0,0,0,0,1.56092244020494e-05,0,0,0,0,1.56092244020494e-05,0,0,0,0,0,0,0,0,0,0,0,0,0,0,0,0,0,0,0,2.24562198302467e-05,0,0,0,0,0.000120959358096513,0,0,0,0,1.9353497295442e-05,0,0,0,0,0.000241660886328719,0,0,0,0,0.000193042523366645,0
231,0,0,0,0.00488035987033589,0,0,0,0,0.00488035987033589,0,0,0,0,0,0,0,0,0,1.61135889743466e-06,0,0,0,0,0.000397707754768534,0,0,0,0,1.44491865073175e-05,0,0,0,0,1.44491865073175e-05,0,0,0,0,0,0,0,0,0,0,0,0,0,0,0,0,0,0,0,1.53922563722147e-05,0,0,0,0,0.000111643063860293,0,0,0,0,1.78628902176469e-05,0,0,0,0,0.000222386962617898,0,0,0,0,0.000177646209445773,0
232,0,0,0,0.00522337039568463,0,0,0,0,0.00522337039568463,0,0,0,0,0,0,0,0,0,1.57809911481291e-06,0,0,0,0,0.000425660190556641,0,0,0,0,1.45449990077821e-05,0,0,0,0,1.45449990077821e-05,0,0,0,0,0,0,0,0,0,0,0,0,0,0,0,0,0,0,0,1.50745474485149e-05,0,0,0,0,0.000114960483345551,0,0,0,0,1.83936773352881e-05,0,0,0,0,0.000238017176558049,0,0,0,0,0.000190131870595186,0
233,0,0,0,0.00526192448337105,0,0,0,0,0.00526192448337105,0,0,0,0,0,0,0,0,0,1.54412496534455e-06,0,0,0,0,0.000428802020269675,0,0,0,0,1.42005574278027e-05,0,0,0,0,1.42005574278027e-05,0,0,0,0,0,0,0,0,0,0,0,0,0,0,0,0,0,0,0,1.47500146461222e-05,0,0,0,0,0.000113526280722642,0,0,0,0,1.81642049156228e-05,0,0,0,0,0.000239773999145908,0,0,0,0,0.000191535248157108,0
234,0,0,0,0.00505201716722792,0,0,0,0,0.00505201716722792,0,0,0,0,0,0,0,0,0,1.51088222927176e-06,0,0,0,0,0.000411696362156182,0,0,0,0,1.39378647176821e-05,0,0,0,0,1.39378647176821e-05,0,0,0,0,0,0,0,0,0,0,0,0,0,0,0,0,0,0,0,1.44324685569418e-05,0,0,0,0,0.000110540703547946,0,0,0,0,1.76865125676714e-05,0,0,0,0,0.000230208997443455,0,0,0,0,0.000183894574100587,0
235,0,0,0,0.00499676351637063,0,0,0,0,0.00499676351637063,0,0,0,0,0,0,0,0,0,1.47835516034145e-06,0,0,0,0,0.000407193660304464,0,0,0,0,1.83371401197378e-05,0,0,0,0,1.83371401197378e-05,0,0,0,0,0,0,0,0,0,0,0,0,0,0,0,0,0,0,0,9.26469035976949e-05,0,0,0,0,0.00013211639928675,0,0,0,0,2.113862388588e-05,0,0,0,0,0.00022769121352707,0,0,0,0,0.000181883328640493,0
236,0,0,0,0.00540384150699377,0,0,0,0,0.00540384150699377,0,0,0,0,0,0,0,0,0,1.58313483529941e-06,0,0,0,0,0.000440367048736426,0,0,0,0,1.469361640425e-05,0,0,0,0,1.469361640425e-05,0,0,0,0,0,0,0,0,0,0,0,0,0,0,0,0,0,0,0,1.67999156975633e-05,0,0,0,0,0.000117159430462924,0,0,0,0,1.87455088740678e-05,0,0,0,0,0.000246240836974623,0,0,0,0,0.000196701060099715,0
237,0,0,0,0.00584815993679205,0,0,0,0,0.00584815993679205,0,0,0,0,0,0,0,0,0,1.55045762252275e-06,0,0,0,0,0.000476575215718422,0,0,0,0,1.42789598229289e-05,0,0,0,0,1.42789598229289e-05,0,0,0,0,0,0,0,0,0,0,0,0,0,0,0,0,0,0,0,1.48105063732969e-05,0,0,0,0,0.00011868908492325,0,0,0,0,1.89902535877201e-05,0,0,0,0,0.000266487423018121,0,0,0,0,0.000212874352016225,0
238,0,0,0,0.004858348434605,0,0,0,0,0.004858348434605,0,0,0,0,0,0,0,0,0,1.51432961710606e-06,0,0,0,0,0.000395914010266827,0,0,0,0,1.39410319247062e-05,0,0,0,0,1.39410319247062e-05,0,0,0,0,0,0,0,0,0,0,0,0,0,0,0,0,0,0,0,1.44653991954511e-05,0,0,0,0,0.000108978771518988,0,0,0,0,1.7436603443038e-05,0,0,0,0,0.000221383951269329,0,0,0,0,0.000176844988178092,0
239,0,0,0,0.00459100332099322,0,0,0,0,0.00459100332099322,0,0,0,0,0,0,0,0,0,1.48307259921712e-06,0,0,0,0,0.000374127660959033,0,0,0,0,1.36696450585947e-05,0,0,0,0,1.36696450585947e-05,0,0,0,0,0,0,0,0,0,0,0,0,0,0,0,0,0,0,0,1.41668213717623e-05,0,0,0,0,0.000105475090401598,0,0,0,0,1.68760144642557e-05,0,0,0,0,0.000209201639028742,0,0,0,0,0.000167113565227982,0
240,0,0,0,0.00473374592813219,0,0,0,0,0.00473374592813219,0,0,0,0,0,0,0,0,0,1.45114423065948e-06,0,0,0,0,0.000385759967449402,0,0,0,0,1.33801723535414e-05,0,0,0,0,1.33801723535414e-05,0,0,0,0,0,0,0,0,0,0,0,0,0,0,0,0,0,0,0,1.38618305747598e-05,0,0,0,0,0.000105178051758292,0,0,0,0,1.68284882813267e-05,0,0,0,0,0.000215706096831279,0,0,0,0,0.000172309428598381,0
241,0,0,0,0.00538915095851074,0,0,0,0,0.00538915095851074,0,0,0,0,0,0,0,0,0,1.42119141149463e-06,0,0,0,0,0.000439169894180465,0,0,0,0,1.31556275841388e-05,0,0,0,0,1.31556275841388e-05,0,0,0,0,0,0,0,0,0,0,0,0,0,0,0,0,0,0,0,1.35757109074467e-05,0,0,0,0,0.000109358726166032,0,0,0,0,1.74973961865651e-05,0,0,0,0,0.000245571421902142,0,0,0,0,0.000196166320793183,0
242,0,0,0,0.00443053734243856,0,0,0,0,0.00443053734243856,0,0,0,0,0,0,0,0,0,1.38933480770222e-06,0,0,0,0,0.000361051050679612,0,0,0,0,1.28038218108435e-05,0,0,0,0,1.28038218108435e-05,0,0,0,0,0,0,0,0,0,0,0,0,0,0,0,0,0,0,0,1.32714056322523e-05,0,0,0,0,9.98260265315948e-05,0,0,0,0,1.59721642450552e-05,0,0,0,0,0.00020188956727125,0,0,0,0,0.000161272567106407,0
243,0,0,0,0.00462447221761464,0,0,0,0,0.00462447221761464,0,0,0,0,0,0,0,0,0,1.36065778623508e-06,0,0,0,0,0.000376855090919843,0,0,0,0,1.25016592726922e-05,0,0,0,0,1.25016592726922e-05,0,0,0,0,0,0,0,0,0,0,0,0,0,0,0,0,0,0,0,1.29974728249079e-05,0,0,0,0,9.98876956810335e-05,0,0,0,0,1.59820313089654e-05,0,0,0,0,0.000210726740959657,0,0,0,0,0.000168331840678378,0
244,0,0,0,0.00470741923652121,0,0,0,0,0.00470741923652121,0,0,0,0,0,0,0,0,0,1.46606770646967e-06,0,0,0,0,0.000383614566354142,0,0,0,0,1.76963871147603e-05,0,0,0,0,1.76963871147603e-05,0,0,0,0,0,0,0,0,0,0,0,0,0,0,0,0,0,0,0,9.2054958316464e-05,0,0,0,0,0.000154610685316452,0,0,0,0,2.47377096506322e-05,0,0,0,0,0.000214506449030975,0,0,0,0,0.000171351131035047,0
245,0,0,0,0.0053392717954212,0,0,0,0,0.0053392717954212,0,0,0,0,0,0,0,0,0,1.56467446272828e-06,0,0,0,0,0.000435105167297791,0,0,0,0,1.84004510238499e-05,0,0,0,0,1.84004510238499e-05,0,0,0,0,0,0,0,0,0,0,0,0,0,0,0,0,0,0,0,9.29977386310093e-05,0,0,0,0,0.000163235404116955,0,0,0,0,2.61176646587128e-05,0,0,0,0,0.000243298541239216,0,0,0,0,0.000194350707910403,0
246,0,0,0,0.00472150524985685,0,0,0,0,0.00472150524985685,0,0,0,0,0,0,0,0,0,1.54158602979312e-06,0,0,0,0,0.000384762456445486,0,0,0,0,1.38343191009235e-05,0,0,0,0,1.38343191009235e-05,0,0,0,0,0,0,0,0,0,0,0,0,0,0,0,0,0,0,0,1.47257618991757e-05,0,0,0,0,0.000107273415681112,0,0,0,0,1.71637465089779e-05,0,0,0,0,0.000215148316803912,0,0,0,0,0.000171863865124696,0
247,0,0,0,0.00544376479961636,0,0,0,0,0.00544376479961636,0,0,0,0,0,0,0,0,0,1.50839795326447e-06,0,0,0,0,0.000443620456987814,0,0,0,0,1.39197271250623e-05,0,0,0,0,1.39197271250623e-05,0,0,0,0,0,0,0,0,0,0,0,0,0,0,0,0,0,0,0,1.44112441052057e-05,0,0,0,0,0.000113641952834646,0,0,0,0,1.81827124535434e-05,0,0,0,0,0.000248060051135039,0,0,0,0,0.000198154277032775,0
248,0,0,0,0.00488505699570413,0,0,0,0,0.00488505699570413,0,0,0,0,0,0,0,0,0,1.47592436713737e-06,0,0,0,0,0.000398090530472314,0,0,0,0,1.35747907390145e-05,0,0,0,0,1.35747907390145e-05,0,0,0,0,0,0,0,0,0,0,0,0,0,0,0,0,0,0,0,1.40985389916206e-05,0,0,0,0,0.000107367848173777,0,0,0,0,1.71788557078043e-05,0,0,0,0,0.000222600999998631,0,0,0,0,0.000177817185877661,0
249,0,0,0,0.00504009217623453,0,0,0,0,0.00504009217623453,0,0,0,0,0,0,0,0,0,1.44414988948737e-06,0,0,0,0,0.000410724576976478,0,0,0,0,1.3325978741136e-05,0,0,0,0,1.3325978741136e-05,0,0,0,0,0,0,0,0,0,0,0,0,0,0,0,0,0,0,0,1.37950182136854e-05,0,0,0,0,0.000107398653983391,0,0,0,0,1.71837846373426e-05,0,0,0,0,0.000229665602571617,0,0,0,0,0.000183460501715776,0
250,0,0,0,0.00489330244576195,0,0,0,0,0.00489330244576195,0,0,0,0,0,0,0,0,0,1.4130594695387e-06,0,0,0,0,0.000398762464410933,0,0,0,0,1.30186821858547e-05,0,0,0,0,1.30186821858547e-05,0,0,0,0,0,0,0,0,0,0,0,0,0,0,0,0,0,0,0,1.34980317910258e-05,0,0,0,0,0.000104687743957797,0,0,0,0,1.67500390332475e-05,0,0,0,0,0.000222976726511121,0,0,0,0,0.00017811732213541,0
251,0,0,0,0.00435042992244088,0,0,0,0,0.00435042992244088,0,0,0,0,0,0,0,0,0,1.38138514664868e-06,0,0,0,0,0.000354522978366496,0,0,0,0,1.27033848749911e-05,0,0,0,0,1.27033848749911e-05,0,0,0,0,0,0,0,0,0,0,0,0,0,0,0,0,0,0,0,1.31954677259279e-05,0,0,0,0,9.86887027396291e-05,0,0,0,0,1.57901924383407e-05,0,0,0,0,0.000198239253300609,0,0,0,0,0.000158356638795963,0
252,0,0,0,0.00434564727526284,0,0,0,0,0.00434564727526284,0,0,0,0,0,0,0,0,0,1.35287221277182e-06,0,0,0,0,0.000354133233363759,0,0,0,0,1.24701575871436e-05,0,0,0,0,1.24701575871436e-05,0,0,0,0,0,0,0,0,0,0,0,0,0,0,0,0,0,0,0,1.29231023398831e-05,0,0,0,0,9.752083709186e-05,0,0,0,0,1.56033339346976e-05,0,0,0,0,0.000198021318884408,0,0,0,0,0.000158182549350744,0
253,0,0,0,0.00466121949514913,0,0,0,0,0.00466121949514913,0,0,0,0,0,0,0,0,0,1.32374686675466e-06,0,0,0,0,0.000379849680997293,0,0,0,0,1.22001670433884e-05,0,0,0,0,1.22001670433884e-05,0,0,0,0,0,0,0,0,0,0,0,0,0,0,0,0,0,0,0,1.26448869816911e-05,0,0,0,0,9.87099301342082e-05,0,0,0,0,1.57935888214733e-05,0,0,0,0,0.000212401231294898,0,0,0,0,0.000169669449939763,0
254,0,0,0,0.00442280753369243,0,0,0,0,0.00442280753369243,0,0,0,0,0,0,0,0,0,1.29642363472697e-06,0,0,0,0,0.000360421137115266,0,0,0,0,1.19126080688966e-05,0,0,0,0,1.19126080688966e-05,0,0,0,0,0,0,0,0,0,0,0,0,0,0,0,0,0,0,0,1.23838860383524e-05,0,0,0,0,9.53441733778259e-05,0,0,0,0,1.52550677404521e-05,0,0,0,0,0.000201537337367239,0,0,0,0,0.000160991200309701,0
255,0,0,0,0.00446363696290698,0,0,0,0,0.00446363696290698,0,0,0,0,0,0,0,0,0,1.26851354344874e-06,0,0,0,0,0.00036374838777973,0,0,0,0,1.16970803874572e-05,0,0,0,0,1.16970803874572e-05,0,0,0,0,0,0,0,0,0,0,0,0,0,0,0,0,0,0,0,1.21172792128895e-05,0,0,0,0,9.46058789337992e-05,0,0,0,0,1.51369406294079e-05,0,0,0,0,0.000203397842122971,0,0,0,0,0.000162477400820832,0
256,0,0,0,0.00407661402093875,0,0,0,0,0.00407661402093875,0,0,0,0,0,0,0,0,0,1.24007927834405e-06,0,0,0,0,0.000332209314968794,0,0,0,0,1.13953275858672e-05,0,0,0,0,1.13953275858672e-05,0,0,0,0,0,0,0,0,0,0,0,0,0,0,0,0,0,0,0,1.18456652981101e-05,0,0,0,0,8.99337829282905e-05,0,0,0,0,1.43894052685265e-05,0,0,0,0,0.000185762081889201,0,0,0,0,0.000148389677694694,0
257,0,0,0,0.00448609910857026,0,0,0,0,0.00448609910857026,0,0,0,0,0,0,0,0,0,1.21448301465809e-06,0,0,0,0,0.000365578861301432,0,0,0,0,1.44918018661933e-05,0,0,0,0,1.44918018661933e-05,0,0,0,0,0,0,0,0,0,0,0,0,0,0,0,0,0,0,0,9.02333803098945e-05,0,0,0,0,0.000108739003768831,0,0,0,0,1.7398240603013e-05,0,0,0,0,0.000204421391303904,0,0,0,0,0.000163295028032578,0
258,0,0,0,0.00476721641417196,0,0,0,0,0.00476721641417196,0,0,0,0,0,0,0,0,0,1.32531554276909e-06,0,0,0,0,0.000388487526934267,0,0,0,0,1.36396841566186e-05,0,0,0,0,1.36396841566186e-05,0,0,0,0,0,0,0,0,0,0,0,0,0,0,0,0,0,0,0,3.60252620252767e-05,0,0,0,0,0.000106750097052861,0,0,0,0,1.70800155284577e-05,0,0,0,0,0.000217231271188394,0,0,0,0,0.000173527761903967,0
259,0,0,0,0.00432573300548591,0,0,0,0,0.00432573300548591,0,0,0,0,0,0,0,0,0,1.29560810067403e-06,0,0,0,0,0.000352510390022024,0,0,0,0,1.19008431040104e-05,0,0,0,0,1.19008431040104e-05,0,0,0,0,0,0,0,0,0,0,0,0,0,0,0,0,0,0,0,1.23760957755853e-05,0,0,0,0,9.44715278481309e-05,0,0,0,0,1.51154444557009e-05,0,0,0,0,0.000197113870645731,0,0,0,0,0.000157457665400842,0
260,0,0,0,0.00418944731777689,0,0,0,0,0.00418944731777689,0,0,0,0,0,0,0,0,0,1.26771556664271e-06,0,0,0,0,0.000341404267460184,0,0,0,0,1.16920490183211e-05,0,0,0,0,1.16920490183211e-05,0,0,0,0,0,0,0,0,0,0,0,0,0,0,0,0,0,0,0,1.2109656663005e-05,0,0,0,0,9.23432533348456e-05,0,0,0,0,1.47749205335753e-05,0,0,0,0,0.000190903640059638,0,0,0,0,0.000152496835366488,0
261,0,0,0,0.00382517768273236,0,0,0,0,0.00382517768273236,0,0,0,0,0,0,0,0,0,1.23817587836411e-06,0,0,0,0,0.000311719395333337,0,0,0,0,1.55088782979916e-05,0,0,0,0,1.55088782979916e-05,0,0,0,0,0,0,0,0,0,0,0,0,0,0,0,0,0,0,0,9.048736587515e-05,0,0,0,0,0.0001084434526093,0,0,0,0,1.7350952417488e-05,0,0,0,0,0.000174304696566992,0,0,0,0,0.000139237337788207,0
262,0,0,0,0.00477504243234069,0,0,0,0,0.00477504243234069,0,0,0,0,0,0,0,0,0,1.35044943980519e-06,0,0,0,0,0.000389125280746969,0,0,0,0,1.72336973134597e-05,0,0,0,0,1.72336973134597e-05,0,0,0,0,0,0,0,0,0,0,0,0,0,0,0,0,0,0,0,9.14803959730891e-05,0,0,0,0,0.000124796668805029,0,0,0,0,1.99674670088047e-05,0,0,0,0,0.000217587885138221,0,0,0,0,0.000173812630745541,0
263,0,0,0,0.00457978431818494,0,0,0,0,0.00457978431818494,0,0,0,0,0,0,0,0,0,1.45810667173997e-06,0,0,0,0,0.000373213407802264,0,0,0,0,1.38511659323898e-05,0,0,0,0,1.38511659323898e-05,0,0,0,0,0,0,0,0,0,0,0,0,0,0,0,0,0,0,0,2.07049971227167e-05,0,0,0,0,0.000106269107701438,0,0,0,0,1.700305723223e-05,0,0,0,0,0.000208690414441945,0,0,0,0,0.000166705190973705,0
264,0,0,0,0.00505294100273184,0,0,0,0,0.00505294100273184,0,0,0,0,0,0,0,0,0,1.42801014798007e-06,0,0,0,0,0.00041177164687981,0,0,0,0,1.31326441721076e-05,0,0,0,0,1.31326441721076e-05,0,0,0,0,0,0,0,0,0,0,0,0,0,0,0,0,0,0,0,1.36408458319415e-05,0,0,0,0,0.000106534827936887,0,0,0,0,1.70455724699019e-05,0,0,0,0,0.000230251094538164,0,0,0,0,0.00018392820192308,0
265,0,0,0,0.00493243961469552,0,0,0,0,0.00493243961469552,0,0,0,0,0,0,0,0,0,1.39726719289289e-06,0,0,0,0,0.000401951810278473,0,0,0,0,1.28762335366527e-05,0,0,0,0,1.28762335366527e-05,0,0,0,0,0,0,0,0,0,0,0,0,0,0,0,0,0,0,0,1.33471785135715e-05,0,0,0,0,0.000104257241436442,0,0,0,0,1.66811586298308e-05,0,0,0,0,0.000224760118792805,0,0,0,0,0.000179541923987364,0
266,0,0,0,0.00444045099653537,0,0,0,0,0.00444045099653537,0,0,0,0,0,0,0,0,0,1.36470875596427e-06,0,0,0,0,0.000361858929036361,0,0,0,0,1.2611547859266e-05,0,0,0,0,1.2611547859266e-05,0,0,0,0,0,0,0,0,0,0,0,0,0,0,0,0,0,0,0,1.30361690860121e-05,0,0,0,0,9.89823747856809e-05,0,0,0,0,1.58371799657089e-05,0,0,0,0,0.000202341310069242,0,0,0,0,0.000161633426370651,0
267,0,0,0,0.0043142483892807,0,0,0,0,0.0043142483892807,0,0,0,0,0,0,0,0,0,1.3365400366072e-06,0,0,0,0,0.000351574491636105,0,0,0,0,1.66875455841847e-05,0,0,0,0,1.66875455841847e-05,0,0,0,0,0,0,0,0,0,0,0,0,0,0,0,0,0,0,0,9.13548577267721e-05,0,0,0,0,0.000118317090077765,0,0,0,0,1.89307344124425e-05,0,0,0,0,0.000196590542657106,0,0,0,0,0.000157039622758496,0
268,0,0,0,0.00508163275909938,0,0,0,0,0.00508163275909938,0,0,0,0,0,0,0,0,0,1.44580718831274e-06,0,0,0,0,0.000414109780605288,0,0,0,0,1.84450842696271e-05,0,0,0,0,1.84450842696271e-05,0,0,0,0,0,0,0,0,0,0,0,0,0,0,0,0,0,0,0,9.23410397296349e-05,0,0,0,0,0.000133318211209533,0,0,0,0,2.13309137935253e-05,0,0,0,0,0.000231558512990958,0,0,0,0,0.000184972588381549,0
269,0,0,0,0.00598886121447732,0,0,0,0,0.00598886121447732,0,0,0,0,0,0,0,0,0,1.55141152191402e-06,0,0,0,0,0.000488041171247931,0,0,0,0,1.44705509437728e-05,0,0,0,0,1.44705509437728e-05,0,0,0,0,0,0,0,0,0,0,0,0,0,0,0,0,0,0,0,1.64948827877252e-05,0,0,0,0,0.000120795927026682,0,0,0,0,1.93273483242691e-05,0,0,0,0,0.000272898862053811,0,0,0,0,0.000217995910530156,0
270,0,0,0,0.00487561858793024,0,0,0,0,0.00487561858793024,0,0,0,0,0,0,0,0,0,1.51663598547183e-06,0,0,0,0,0.000397321380642368,0,0,0,0,1.39897314969666e-05,0,0,0,0,1.39897314969666e-05,0,0,0,0,0,0,0,0,0,0,0,0,0,0,0,0,0,0,0,1.44874304221574e-05,0,0,0,0,0.000109392853630131,0,0,0,0,1.75028565808209e-05,0,0,0,0,0.00022217091310083,0,0,0,0,0.000177473625687679,0
271,0,0,0,0.00515504910355026,0,0,0,0,0.00515504910355026,0,0,0,0,0,0,0,0,0,1.48533136222904e-06,0,0,0,0,0.000420092587261073,0,0,0,0,1.80510412863438e-05,0,0,0,0,1.80510412863438e-05,0,0,0,0,0,0,0,0,0,0,0,0,0,0,0,0,0,0,0,9.26856107163457e-05,0,0,0,0,0.000131943894843346,0,0,0,0,2.11110231749353e-05,0,0,0,0,0.000234903929780441,0,0,0,0,0.00018764496002003,0
272,0,0,0,0.00531589150370065,0,0,0,0,0.00531589150370065,0,0,0,0,0,0,0,0,0,1.58876744770572e-06,0,0,0,0,0.000433199872693897,0,0,0,0,1.5063030033884e-05,0,0,0,0,1.5063030033884e-05,0,0,0,0,0,0,0,0,0,0,0,0,0,0,0,0,0,0,0,2.1908028024656e-05,0,0,0,0,0.000118314860747317,0,0,0,0,1.89303777195708e-05,0,0,0,0,0.000242233154218793,0,0,0,0,0.000193499659973316,0
273,0,0,0,0.00451509644609244,0,0,0,0,0.00451509644609244,0,0,0,0,0,0,0,0,0,1.55315456246053e-06,0,0,0,0,0.000367941897287837,0,0,0,0,1.91609179440847e-05,0,0,0,0,1.91609179440847e-05,0,0,0,0,0,0,0,0,0,0,0,0,0,0,0,0,0,0,0,9.33480814929127e-05,0,0,0,0,0.00013228786522745,0,0,0,0,2.1166058436392e-05,0,0,0,0,0.000205742734398859,0,0,0,0,0.000164350537714589,0
274,0,0,0,0.00581167076776973,0,0,0,0,0.00581167076776973,0,0,0,0,0,0,0,0,0,1.65757882967715e-06,0,0,0,0,0.000473601659285946,0,0,0,0,1.52949395184889e-05,0,0,0,0,1.52949395184889e-05,0,0,0,0,0,0,0,0,0,0,0,0,0,0,0,0,0,0,0,1.59409593506777e-05,0,0,0,0,0.000123461216778107,0,0,0,0,1.97537946844972e-05,0,0,0,0,0.000264824694104082,0,0,0,0,0.000211546137963396,0
275,0,0,0,0.0051793047004691,0,0,0,0,0.0051793047004691,0,0,0,0,0,0,0,0,0,1.62189359957329e-06,0,0,0,0,0.000422069211782104,0,0,0,0,1.49477378146323e-05,0,0,0,0,1.49477378146323e-05,0,0,0,0,0,0,0,0,0,0,0,0,0,0,0,0,0,0,0,1.54928874832484e-05,0,0,0,0,0.000116621988983853,0,0,0,0,1.86595182374165e-05,0,0,0,0,0.000236009202479295,0,0,0,0,0.000188527869265446,0
276,0,0,0,0.0044070264301826,0,0,0,0,0.0044070264301826,0,0,0,0,0,0,0,0,0,1.7126207819662e-06,0,0,0,0,0.000359135111614807,0,0,0,0,1.92884376637608e-05,0,0,0,0,1.92884376637608e-05,0,0,0,0,0,0,0,0,0,0,0,0,0,0,0,0,0,0,0,9.44122550665882e-05,0,0,0,0,0.000159447127038307,0,0,0,0,2.55115403261291e-05,0,0,0,0,0.000200818228168419,0,0,0,0,0.000160416764552118,0
277,0,0,0,0.00544207822636062,0,0,0,0,0.00544207822636062,0,0,0,0,0,0,0,0,0,1.68879985169495e-06,0,0,0,0,0.000443483015635002,0,0,0,0,1.55136074141959e-05,0,0,0,0,1.55136074141959e-05,0,0,0,0,0,0,0,0,0,0,0,0,0,0,0,0,0,0,0,1.61319992340018e-05,0,0,0,0,0.000121592375929588,0,0,0,0,1.94547801487341e-05,0,0,0,0,0.000247983197805871,0,0,0,0,0.000198092885382611,0
278,0,0,0,0.00601198407997153,0,0,0,0,0.00601198407997153,0,0,0,0,0,0,0,0,0,1.65394162362382e-06,0,0,0,0,0.000489925487807333,0,0,0,0,1.96332735551638e-05,0,0,0,0,1.96332735551638e-05,0,0,0,0,0,0,0,0,0,0,0,0,0,0,0,0,0,0,0,9.42060096155454e-05,0,0,0,0,0.000146816074702821,0,0,0,0,2.34905719524514e-05,0,0,0,0,0.000273952518743256,0,0,0,0,0.000218837588094046,0
279,0,0,0,0.00552380883546971,0,0,0,0,0.00552380883546971,0,0,0,0,0,0,0,0,0,1.75359823910853e-06,0,0,0,0,0.000450143364033122,0,0,0,0,1.65487657773596e-05,0,0,0,0,1.65487657773596e-05,0,0,0,0,0,0,0,0,0,0,0,0,0,0,0,0,0,0,0,2.34256719708485e-05,0,0,0,0,0.000127378947162417,0,0,0,0,2.03806315459867e-05,0,0,0,0,0.000251707476833563,0,0,0,0,0.000201067898145947,0
280,0,0,0,0.00577482658289786,0,0,0,0,0.00577482658289786,0,0,0,0,0,0,0,0,0,1.7158458579486e-06,0,0,0,0,0.00047059917208603,0,0,0,0,1.57982114761489e-05,0,0,0,0,1.57982114761489e-05,0,0,0,0,0,0,0,0,0,0,0,0,0,0,0,0,0,0,0,1.63903518842354e-05,0,0,0,0,0.000125712963617242,0,0,0,0,2.01140741787587e-05,0,0,0,0,0.000263145787920628,0,0,0,0,0.000210205001252887,0
281,0,0,0,0.00580472959230587,0,0,0,0,0.00580472959230587,0,0,0,0,0,0,0,0,0,1.67890622399569e-06,0,0,0,0,0.000473036012615919,0,0,0,0,1.54991633626732e-05,0,0,0,0,1.54991633626732e-05,0,0,0,0,0,0,0,0,0,0,0,0,0,0,0,0,0,0,0,1.60374917504662e-05,0,0,0,0,0.000124432961231615,0,0,0,0,1.99092737970584e-05,0,0,0,0,0.000264508400435292,0,0,0,0,0.00021129347759756,0
282,0,0,0,0.00533106493046129,0,0,0,0,0.00533106493046129,0,0,0,0,0,0,0,0,0,1.64127283418636e-06,0,0,0,0,0.000434436377715955,0,0,0,0,1.51556481659994e-05,0,0,0,0,1.51556481659994e-05,0,0,0,0,0,0,0,0,0,0,0,0,0,0,0,0,0,0,0,1.56780046212966e-05,0,0,0,0,0.000118870744850899,0,0,0,0,1.90193191761439e-05,0,0,0,0,0.00024292457296238,0,0,0,0,0.000194051976158997,0
283,0,0,0,0.00538599327774699,0,0,0,0,0.00538599327774699,0,0,0,0,0,0,0,0,0,1.60739560312696e-06,0,0,0,0,0.000438912570097776,0,0,0,0,1.48182259207058e-05,0,0,0,0,1.48182259207058e-05,0,0,0,0,0,0,0,0,0,0,0,0,0,0,0,0,0,0,0,1.53543976169991e-05,0,0,0,0,0.00011765410214627,0,0,0,0,1.88246563434032e-05,0,0,0,0,0.000245427533530665,0,0,0,0,0.000196051380495086,0
284,0,0,0,0.00548255909939889,0,0,0,0,0.00548255909939889,0,0,0,0,0,0,0,0,0,1.5727907434177e-06,0,0,0,0,0.000446781861940369,0,0,0,0,1.77858324631643e-05,0,0,0,0,1.77858324631643e-05,0,0,0,0,0,0,0,0,0,0,0,0,0,0,0,0,0,0,0,9.34742527941406e-05,0,0,0,0,0.00013324455249617,0,0,0,0,2.13191283993872e-05,0,0,0,0,0.000249827819644891,0,0,0,0,0.000199566398369638,0
285,0,0,0,0.00617292144668672,0,0,0,0,0.00617292144668672,0,0,0,0,0,0,0,0,0,1.67730559798204e-06,0,0,0,0,0.000503040512206191,0,0,0,0,1.69228581626032e-05,0,0,0,0,1.69228581626032e-05,0,0,0,0,0,0,0,0,0,0,0,0,0,0,0,0,0,0,0,3.92631969581854e-05,0,0,0,0,0.000134524410562705,0,0,0,0,2.15239056900328e-05,0,0,0,0,0.000281286070593204,0,0,0,0,0.000224695744851894,0
286,0,0,0,0.00549857428133624,0,0,0,0,0.00549857428133624,0,0,0,0,0,0,0,0,0,1.63970815061598e-06,0,0,0,0,0.000448086962838609,0,0,0,0,1.50851854040119e-05,0,0,0,0,1.50851854040119e-05,0,0,0,0,0,0,0,0,0,0,0,0,0,0,0,0,0,0,0,1.56630582237591e-05,0,0,0,0,0.000119883912354216,0,0,0,0,1.91814259766746e-05,0,0,0,0,0.000250557595268297,0,0,0,0,0.000200149354635229,0
287,0,0,0,0.00569891445792428,0,0,0,0,0.00569891445792428,0,0,0,0,0,0,0,0,0,1.60586321592179e-06,0,0,0,0,0.000464412980578625,0,0,0,0,1.48308692521589e-05,0,0,0,0,1.48308692521589e-05,0,0,0,0,0,0,0,0,0,0,0,0,0,0,0,0,0,0,0,1.53397597254895e-05,0,0,0,0,0.000120253201611421,0,0,0,0,1.92405122578273e-05,0,0,0,0,0.0002596866440568,0,0,0,0,0.000207441782635649,0
288,0,0,0,0.00521846848242062,0,0,0,0,0.00521846848242062,0,0,0,0,0,0,0,0,0,1.56986711588863e-06,0,0,0,0,0.000425260726383897,0,0,0,0,1.91654780730548e-05,0,0,0,0,1.91654780730548e-05,0,0,0,0,0,0,0,0,0,0,0,0,0,0,0,0,0,0,0,9.34735866483862e-05,0,0,0,0,0.000138025418003614,0,0,0,0,2.20840668805783e-05,0,0,0,0,0.000237793807456023,0,0,0,0,0.000189953439837308,0
289,0,0,0,0.00564766065590909,0,0,0,0,0.00564766065590909,0,0,0,0,0,0,0,0,0,1.67419417128002e-06,0,0,0,0,0.000460236232333744,0,0,0,0,1.55136482148506e-05,0,0,0,0,1.55136482148506e-05,0,0,0,0,0,0,0,0,0,0,0,0,0,0,0,0,0,0,0,1.76243528498712e-05,0,0,0,0,0.000123217440955151,0,0,0,0,1.97147905528241e-05,0,0,0,0,0.000257351124206705,0,0,0,0,0.000205576132583278,0
290,0,0,0,0.00550068725597673,0,0,0,0,0.00550068725597673,0,0,0,0,0,0,0,0,0,1.63666641006233e-06,0,0,0,0,0.000448259152271864,0,0,0,0,1.50894923029239e-05,0,0,0,0,1.50894923029239e-05,0,0,0,0,0,0,0,0,0,0,0,0,0,0,0,0,0,0,0,1.56367217968928e-05,0,0,0,0,0.000119951246838392,0,0,0,0,1.91921994941428e-05,0,0,0,0,0.000250653878744285,0,0,0,0,0.000200226267392794,0
291,0,0,0,0.0053738429682107,0,0,0,0,0.0053738429682107,0,0,0,0,0,0,0,0,0,1.60288425941319e-06,0,0,0,0,0.000437922423376261,0,0,0,0,1.436859746949e-05,0,0,0,0,1.436859746949e-05,0,0,0,0,0,0,0,0,0,0,0,0,0,0,0,0,0,0,0,1.53113037046893e-05,0,0,0,0,0.000115247868808076,0,0,0,0,1.84396590092921e-05,0,0,0,0,0.000244873871402372,0,0,0,0,0.000195609106464059,0
292,0,0,0,0.00506326764520884,0,0,0,0,0.00506326764520884,0,0,0,0,0,0,0,0,0,1.56553463413792e-06,0,0,0,0,0.000412613180271392,0,0,0,0,1.91402903219303e-05,0,0,0,0,1.91402903219303e-05,0,0,0,0,0,0,0,0,0,0,0,0,0,0,0,0,0,0,0,9.34472791409187e-05,0,0,0,0,0.000136660722149088,0,0,0,0,2.18657155438541e-05,0,0,0,0,0.00023072165628269,0,0,0,0,0.000184304094058308,0
293,0,0,0,0.00531541564030206,0,0,0,0,0.00531541564030206,0,0,0,0,0,0,0,0,0,1.6698271862803e-06,0,0,0,0,0.000433161093880683,0,0,0,0,1.55330587119963e-05,0,0,0,0,1.55330587119963e-05,0,0,0,0,0,0,0,0,0,0,0,0,0,0,0,0,0,0,0,1.75981168135538e-05,0,0,0,0,0.000120682387699156,0,0,0,0,1.9309182031865e-05,0,0,0,0,0.000242211470199859,0,0,0,0,0.00019348233843736,0
294,0,0,0,0.00485788072336564,0,0,0,0,0.00485788072336564,0,0,0,0,0,0,0,0,0,1.63239730873977e-06,0,0,0,0,0.000395875895785144,0,0,0,0,1.50154720698594e-05,0,0,0,0,1.50154720698594e-05,0,0,0,0,0,0,0,0,0,0,0,0,0,0,0,0,0,0,0,1.55932225387142e-05,0,0,0,0,0.0001143536511226,0,0,0,0,1.82965841796159e-05,0,0,0,0,0.000221362638725855,0,0,0,0,0.000176827963382586,0
295,0,0,0,0.00529154712841465,0,0,0,0,0.00529154712841465,0,0,0,0,0,0,0,0,0,1.59870327587878e-06,0,0,0,0,0.000431216013492225,0,0,0,0,1.47453923837352e-05,0,0,0,0,1.47453923837352e-05,0,0,0,0,0,0,0,0,0,0,0,0,0,0,0,0,0,0,0,1.52713655068414e-05,0,0,0,0,0.000116517296925668,0,0,0,0,1.86427675081069e-05,0,0,0,0,0.000241123836090515,0,0,0,0,0.000192613519175141,0
296,0,0,0,0.0052705956467812,0,0,0,0,0.0052705956467812,0,0,0,0,0,0,0,0,0,1.56428554917173e-06,0,0,0,0,0.000429508646219954,0,0,0,0,1.4423200534495e-05,0,0,0,0,1.4423200534495e-05,0,0,0,0,0,0,0,0,0,0,0,0,0,0,0,0,0,0,0,1.49425955015577e-05,0,0,0,0,0.000114736321091976,0,0,0,0,1.83578113747162e-05,0,0,0,0,0.000240169124453135,0,0,0,0,0.00019185088047772,0
297,0,0,0,0.00559906639639611,0,0,0,0,0.00559906639639611,0,0,0,0,0,0,0,0,0,1.53199739945746e-06,0,0,0,0,0.000456276214146762,0,0,0,0,1.4168849028402e-05,0,0,0,0,1.4168849028402e-05,0,0,0,0,0,0,0,0,0,0,0,0,0,0,0,0,0,0,0,1.46341679507633e-05,0,0,0,0,0.000116141408414977,0,0,0,0,1.85826253463963e-05,0,0,0,0,0.000255136793694022,0,0,0,0,0.00020380729048297,0
298,0,0,0,0.00516526513083627,0,0,0,0,0.00516526513083627,0,0,0,0,0,0,0,0,0,1.49901575201482e-06,0,0,0,0,0.000420925106456894,0,0,0,0,1.81268070621127e-05,0,0,0,0,1.81268070621127e-05,0,0,0,0,0,0,0,0,0,0,0,0,0,0,0,0,0,0,0,9.28090061194155e-05,0,0,0,0,0.000132428186137524,0,0,0,0,2.11885097820038e-05,0,0,0,0,0.000235369451040864,0,0,0,0,0.000188016825737143,0
299,0,0,0,0.00547113278447773,0,0,0,0,0.00547113278447773,0,0,0,0,0,0,0,0,0,1.6035985962189e-06,0,0,0,0,0.000445850714612445,0,0,0,0,1.95215037426529e-05,0,0,0,0,1.95215037426529e-05,0,0,0,0,0,0,0,0,0,0,0,0,0,0,0,0,0,0,0,9.3752054722574e-05,0,0,0,0,0.000141858596008791,0,0,0,0,2.26973753614066e-05,0,0,0,0,0.000249307148313935,0,0,0,0,0.000199150477907293,0
300,0,0,0,0.00574315398642385,0,0,0,0,0.00574315398642385,0,0,0,0,0,0,0,0,0,1.70438369132463e-06,0,0,0,0,0.000468018125284966,0,0,0,0,1.61625596563573e-05,0,0,0,0,1.61625596563573e-05,0,0,0,0,0,0,0,0,0,0,0,0,0,0,0,0,0,0,0,2.2972539641187e-05,0,0,0,0,0.000127272440459856,0,0,0,0,2.0363590473577e-05,0,0,0,0,0.000261702539325193,0,0,0,0,0.000209052111536472,0
301,0,0,0,0.0062715216290789,0,0,0,0,0.0062715216290789,0,0,0,0,0,0,0,0,0,1.66920380584491e-06,0,0,0,0,0.000511075587118866,0,0,0,0,1.53724504124212e-05,0,0,0,0,1.53724504124212e-05,0,0,0,0,0,0,0,0,0,0,0,0,0,0,0,0,0,0,0,1.59448109033594e-05,0,0,0,0,0.000127591012907571,0,0,0,0,2.04145620652114e-05,0,0,0,0,0.000285779057925767,0,0,0,0,0.000228284813920161,0
302,0,0,0,0.00516287770157987,0,0,0,0,0.00516287770157987,0,0,0,0,0,0,0,0,0,1.63178789982303e-06,0,0,0,0,0.000420730551310459,0,0,0,0,1.50469908281032e-05,0,0,0,0,1.50469908281032e-05,0,0,0,0,0,0,0,0,0,0,0,0,0,0,0,0,0,0,0,1.55874012543952e-05,0,0,0,0,0.000116992617020732,0,0,0,0,1.87188187233171e-05,0,0,0,0,0.000235260661288693,0,0,0,0,0.000187929922769127,0
303,0,0,0,0.00605301334130735,0,0,0,0,0.00605301334130735,0,0,0,0,0,0,0,0,0,1.59810644566697e-06,0,0,0,0,0.000493269023087357,0,0,0,0,1.47298359797119e-05,0,0,0,0,1.47298359797119e-05,0,0,0,0,0,0,0,0,0,0,0,0,0,0,0,0,0,0,0,1.52656643786536e-05,0,0,0,0,0.0001225798518069,0,0,0,0,1.96127762891041e-05,0,0,0,0,0.000275822129396845,0,0,0,0,0.000220331062539849,0
304,0,0,0,0.005481360519057,0,0,0,0,0.005481360519057,0,0,0,0,0,0,0,0,0,1.56370156783528e-06,0,0,0,0,0.000446684187852935,0,0,0,0,1.87773227319439e-05,0,0,0,0,1.87773227319439e-05,0,0,0,0,0,0,0,0,0,0,0,0,0,0,0,0,0,0,0,9.33922935323743e-05,0,0,0,0,0.000138201336346541,0,0,0,0,2.21122138154465e-05,0,0,0,0,0.000249773203049237,0,0,0,0,0.000199522769772544,0
305,0,0,0,0.00566195997163183,0,0,0,0,0.00566195997163183,0,0,0,0,0,0,0,0,0,1.66689182170423e-06,0,0,0,0,0.000461401504752564,0,0,0,0,1.57522002778829e-05,0,0,0,0,1.57522002778829e-05,0,0,0,0,0,0,0,0,0,0,0,0,0,0,0,0,0,0,0,2.26134303359762e-05,0,0,0,0,0.000124588921365815,0,0,0,0,1.99342274185303e-05,0,0,0,0,0.000258002711687051,0,0,0,0,0.000206096630928339,0
306,0,0,0,0.0052182858248518,0,0,0,0,0.0052182858248518,0,0,0,0,0,0,0,0,0,1.62952775924813e-06,0,0,0,0,0.000425245841348056,0,0,0,0,1.46102346905942e-05,0,0,0,0,1.46102346905942e-05,0,0,0,0,0,0,0,0,0,0,0,0,0,0,0,0,0,0,0,1.55658116115035e-05,0,0,0,0,0.000115182161601842,0,0,0,0,1.84291458562948e-05,0,0,0,0,0.000237785484163683,0,0,0,0,0.000189946791060253,0
307,0,0,0,0.00573215388657635,0,0,0,0,0.00573215388657635,0,0,0,0,0,0,0,0,0,1.59589295626602e-06,0,0,0,0,0.000467121710854717,0,0,0,0,1.47118105170153e-05,0,0,0,0,1.47118105170153e-05,0,0,0,0,0,0,0,0,0,0,0,0,0,0,0,0,0,0,0,1.52445203638778e-05,0,0,0,0,0.000119913771748596,0,0,0,0,1.91862034797754e-05,0,0,0,0,0.000261201289651282,0,0,0,0,0.000208651705399762,0
308,0,0,0,0.00547779775635311,0,0,0,0,0.00547779775635311,0,0,0,0,0,0,0,0,0,1.5601203438004e-06,0,0,0,0,0.000446393853042925,0,0,0,0,1.44081679905782e-05,0,0,0,0,1.44081679905782e-05,0,0,0,0,0,0,0,0,0,0,0,0,0,0,0,0,0,0,0,1.49028080221696e-05,0,0,0,0,0.000116336189682329,0,0,0,0,1.86137903491726e-05,0,0,0,0,0.000249610856009818,0,0,0,0,0.000199393084399679,0
309,0,0,0,0.00527010575282777,0,0,0,0,0.00527010575282777,0,0,0,0,0,0,0,0,0,1.52653325078997e-06,0,0,0,0,0.000429468724036044,0,0,0,0,1.41025571041749e-05,0,0,0,0,1.41025571041749e-05,0,0,0,0,0,0,0,0,0,0,0,0,0,0,0,0,0,0,0,1.45819725166611e-05,0,0,0,0,0.000113121467444648,0,0,0,0,1.80994347911437e-05,0,0,0,0,0.000240146801093547,0,0,0,0,0.000191833048226376,0
310,0,0,0,0.00511843084365475,0,0,0,0,0.00511843084365475,0,0,0,0,0,0,0,0,0,1.49366923841968e-06,0,0,0,0,0.000417108511022127,0,0,0,0,1.37286690408977e-05,0,0,0,0,1.37286690408977e-05,0,0,0,0,0,0,0,0,0,0,0,0,0,0,0,0,0,0,0,1.42680441270091e-05,0,0,0,0,0.000110018656864918,0,0,0,0,1.76029850983869e-05,0,0,0,0,0.000233235318487242,0,0,0,0,0.000186312047030052,0
311,0,0,0,0.00501234704811698,0,0,0,0,0.00501234704811698,0,0,0,0,0,0,0,0,0,1.46283866786353e-06,0,0,0,0,0.000408463585389266,0,0,0,0,1.34904195737486e-05,0,0,0,0,1.34904195737486e-05,0,0,0,0,0,0,0,0,0,0,0,0,0,0,0,0,0,0,0,1.39735398754377e-05,0,0,0,0,0.000107999158213413,0,0,0,0,1.7279865314146e-05,0,0,0,0,0.000228401319827426,0,0,0,0,0.000182450572740942,0
312,0,0,0,0.0045983307100197,0,0,0,0,0.0045983307100197,0,0,0,0,0,0,0,0,0,1.42875231648663e-06,0,0,0,0,0.000374724780744348,0,0,0,0,1.31533956076347e-05,0,0,0,0,1.31533956076347e-05,0,0,0,0,0,0,0,0,0,0,0,0,0,0,0,0,0,0,0,1.36479352816864e-05,0,0,0,0,0.000102926810156496,0,0,0,0,1.64682896250394e-05,0,0,0,0,0.000209535531576179,0,0,0,0,0.000167380283855352,0
313,0,0,0,0.00511172454632356,0,0,0,0,0.00511172454632356,0,0,0,0,0,0,0,0,0,1.40053113699934e-06,0,0,0,0,0.00041656200491904,0,0,0,0,1.28891970046759e-05,0,0,0,0,1.28891970046759e-05,0,0,0,0,0,0,0,0,0,0,0,0,0,0,0,0,0,0,0,1.3378356834274e-05,0,0,0,0,0.000105787145629034,0,0,0,0,1.69259433006454e-05,0,0,0,0,0.000232929727683793,0,0,0,0,0.000186067936281674,0
314,0,0,0,0.00513186367059435,0,0,0,0,0.00513186367059435,0,0,0,0,0,0,0,0,0,1.49882381668338e-06,0,0,0,0,0.000418203171986539,0,0,0,0,1.78326602166107e-05,0,0,0,0,1.78326602166107e-05,0,0,0,0,0,0,0,0,0,0,0,0,0,0,0,0,0,0,0,9.23681398575905e-05,0,0,0,0,0.000158741832267701,0,0,0,0,2.53986931628321e-05,0,0,0,0,0.000233847422033259,0,0,0,0,0.000186801004986301,0
315,0,0,0,0.00520134241781203,0,0,0,0,0.00520134241781203,0,0,0,0,0,0,0,0,0,1.47540421632896e-06,0,0,0,0,0.000423865098011304,0,0,0,0,1.35692180687377e-05,0,0,0,0,1.35692180687377e-05,0,0,0,0,0,0,0,0,0,0,0,0,0,0,0,0,0,0,0,1.40935703443257e-05,0,0,0,0,0.000109890961298932,0,0,0,0,1.7582553807829e-05,0,0,0,0,0.000237013411421491,0,0,0,0,0.000189330047189784,0
316,0,0,0,0.0043679679129806,0,0,0,0,0.0043679679129806,0,0,0,0,0,0,0,0,0,1.44233240969373e-06,0,0,0,0,0.000355952175193374,0,0,0,0,1.32813644143817e-05,0,0,0,0,1.32813644143817e-05,0,0,0,0,0,0,0,0,0,0,0,0,0,0,0,0,0,0,0,1.3777657019367e-05,0,0,0,0,0.000101730957277991,0,0,0,0,1.62769531644786e-05,0,0,0,0,0.000199038419868275,0,0,0,0,0.000158995025641083,0
317,0,0,0,0.00456664684111037,0,0,0,0,0.00456664684111037,0,0,0,0,0,0,0,0,0,1.41256147381403e-06,0,0,0,0,0.000372142815335833,0,0,0,0,1.30220835169635e-05,0,0,0,0,1.30220835169635e-05,0,0,0,0,0,0,0,0,0,0,0,0,0,0,0,0,0,0,0,1.34932747639733e-05,0,0,0,0,0.000102028311205052,0,0,0,0,1.63245297928083e-05,0,0,0,0,0.000208091769321359,0,0,0,0,0.000166226983819727,0
318,0,0,0,0.00485873119042874,0,0,0,0,0.00485873119042874,0,0,0,0,0,0,0,0,0,1.3821511059264e-06,0,0,0,0,0.000395945201605853,0,0,0,0,1.71232931758737e-05,0,0,0,0,1.71232931758737e-05,0,0,0,0,0,0,0,0,0,0,0,0,0,0,0,0,0,0,0,9.17665167367201e-05,0,0,0,0,0.000124896842867262,0,0,0,0,1.9983494858762e-05,0,0,0,0,0.000221401392586635,0,0,0,0,0.000176858920577144,0
319,0,0,0,0.00453058280279415,0,0,0,0,0.00453058280279415,0,0,0,0,0,0,0,0,0,1.48912584173311e-06,0,0,0,0,0.000369203903434314,0,0,0,0,1.8468302223553e-05,0,0,0,0,1.8468302223553e-05,0,0,0,0,0,0,0,0,0,0,0,0,0,0,0,0,0,0,0,9.2732008600745e-05,0,0,0,0,0.000128958087494781,0,0,0,0,2.06332939991649e-05,0,0,0,0,0.000206448412652187,0,0,0,0,0.000164914244621308,0
320,0,0,0,0.00570776506188872,0,0,0,0,0.00570776506188872,0,0,0,0,0,0,0,0,0,1.59524350196365e-06,0,0,0,0,0.000465134229405466,0,0,0,0,1.51307071890249e-05,0,0,0,0,1.51307071890249e-05,0,0,0,0,0,0,0,0,0,0,0,0,0,0,0,0,0,0,0,2.19543418363572e-05,0,0,0,0,0.000121820950767741,0,0,0,0,1.94913521228385e-05,0,0,0,0,0.000260089946064291,0,0,0,0,0.000207763946633256,0
321,0,0,0,0.00458370760095275,0,0,0,0,0.00458370760095275,0,0,0,0,0,0,0,0,0,1.5580719373328e-06,0,0,0,0,0.000373533121926296,0,0,0,0,1.40045077612832e-05,0,0,0,0,1.40045077612832e-05,0,0,0,0,0,0,0,0,0,0,0,0,0,0,0,0,0,0,0,1.48832409365538e-05,0,0,0,0,0.000107018460667914,0,0,0,0,1.71229537068662e-05,0,0,0,0,0.000208869189565379,0,0,0,0,0.000166847999358906,0
322,0,0,0,0.00515261079881512,0,0,0,0,0.00515261079881512,0,0,0,0,0,0,0,0,0,1.65337194378529e-06,0,0,0,0,0.000419893886196516,0,0,0,0,1.92016406109562e-05,0,0,0,0,1.92016406109562e-05,0,0,0,0,0,0,0,0,0,0,0,0,0,0,0,0,0,0,0,9.38457762530052e-05,0,0,0,0,0.00016562002535394,0,0,0,0,2.64992040566304e-05,0,0,0,0,0.000234792821747756,0,0,0,0,0.000187556205173014,0
323,0,0,0,0.00552344509428944,0,0,0,0,0.00552344509428944,0,0,0,0,0,0,0,0,0,1.63040445439051e-06,0,0,0,0,0.000450113722225558,0,0,0,0,1.50000950282425e-05,0,0,0,0,1.50000950282425e-05,0,0,0,0,0,0,0,0,0,0,0,0,0,0,0,0,0,0,0,1.55741862429306e-05,0,0,0,0,0.000119651666857651,0,0,0,0,1.91442666972242e-05,0,0,0,0,0.000251690901970559,0,0,0,0,0.000201054657884243,0
324,0,0,0,0.00530051562633646,0,0,0,0,0.00530051562633646,0,0,0,0,0,0,0,0,0,1.59385825217035e-06,0,0,0,0,0.00043194686967228,0,0,0,0,1.46609769725142e-05,0,0,0,0,1.46609769725142e-05,0,0,0,0,0,0,0,0,0,0,0,0,0,0,0,0,0,0,0,1.52250841680483e-05,0,0,0,0,0.000116178153665626,0,0,0,0,1.85885045865001e-05,0,0,0,0,0.000241532510259032,0,0,0,0,0.000192939974539614,0
325,0,0,0,0.00542317462234948,0,0,0,0,0.00542317462234948,0,0,0,0,0,0,0,0,0,1.55954483168723e-06,0,0,0,0,0.000441942532943551,0,0,0,0,1.43795371165264e-05,0,0,0,0,1.43795371165264e-05,0,0,0,0,0,0,0,0,0,0,0,0,0,0,0,0,0,0,0,1.48973105318182e-05,0,0,0,0,0.000115773557637756,0,0,0,0,1.8523769222041e-05,0,0,0,0,0.000247121803320574,0,0,0,0,0.000197404789896486,0
326,0,0,0,0.00523942713947675,0,0,0,0,0.00523942713947675,0,0,0,0,0,0,0,0,0,1.52597012860489e-06,0,0,0,0,0.00042696867839199,0,0,0,0,1.40561325400814e-05,0,0,0,0,1.40561325400814e-05,0,0,0,0,0,0,0,0,0,0,0,0,0,0,0,0,0,0,0,1.45765933791795e-05,0,0,0,0,0.000112674775019779,0,0,0,0,1.80279640031647e-05,0,0,0,0,0.000238748846061187,0,0,0,0,0.000190716339721746,0
327,0,0,0,0.00461398590243185,0,0,0,0,0.00461398590243185,0,0,0,0,0,0,0,0,0,1.49176486575793e-06,0,0,0,0,0.000376000545562953,0,0,0,0,1.37124071424831e-05,0,0,0,0,1.37124071424831e-05,0,0,0,0,0,0,0,0,0,0,0,0,0,0,0,0,0,0,0,1.42523314762398e-05,0,0,0,0,0.000105890246621933,0,0,0,0,1.69424394595092e-05,0,0,0,0,0.000210248903291019,0,0,0,0,0.000167950136420338,0
328,0,0,0,0.00511150990178596,0,0,0,0,0.00511150990178596,0,0,0,0,0,0,0,0,0,1.46229904194537e-06,0,0,0,0,0.000416544513217733,0,0,0,0,1.34723935256174e-05,0,0,0,0,1.34723935256174e-05,0,0,0,0,0,0,0,0,0,0,0,0,0,0,0,0,0,0,0,1.39683851824077e-05,0,0,0,0,0.000108683572636347,0,0,0,0,1.73893716218155e-05,0,0,0,0,0.000232919946817622,0,0,0,0,0.000186060123171678,0
329,0,0,0,0.0049512644153393,0,0,0,0,0.0049512644153393,0,0,0,0,0,0,0,0,0,1.43081789747722e-06,0,0,0,0,0.000403485871166793,0,0,0,0,1.31981190653139e-05,0,0,0,0,1.31981190653139e-05,0,0,0,0,0,0,0,0,0,0,0,0,0,0,0,0,0,0,0,1.36676664242738e-05,0,0,0,0,0.000106063327203685,0,0,0,0,1.69701323525896e-05,0,0,0,0,0.000225617922386861,0,0,0,0,0.000180227151012992,0
330,0,0,0,0.00509780477900838,0,0,0,0,0.00509780477900838,0,0,0,0,0,0,0,0,0,1.40001449567906e-06,0,0,0,0,0.00041542766246215,0,0,0,0,1.28920227709467e-05,0,0,0,0,1.28920227709467e-05,0,0,0,0,0,0,0,0,0,0,0,0,0,0,0,0,0,0,0,1.33734216980565e-05,0,0,0,0,0.000105671478496378,0,0,0,0,1.69074365594205e-05,0,0,0,0,0.000232295435366051,0,0,0,0,0.000185561253584986,0
331,0,0,0,0.00483261376408413,0,0,0,0,0.00483261376408413,0,0,0,0,0,0,0,0,0,1.36863258136988e-06,0,0,0,0,0.000393816853847119,0,0,0,0,1.26229469373883e-05,0,0,0,0,1.26229469373883e-05,0,0,0,0,0,0,0,0,0,0,0,0,0,0,0,0,0,0,0,1.30736508206518e-05,0,0,0,0,0.000102201073821056,0,0,0,0,1.63521718113689e-05,0,0,0,0,0.000220211280531276,0,0,0,0,0.000175908240317108,0
332,0,0,0,0.00503046835907444,0,0,0,0,0.00503046835907444,0,0,0,0,0,0,0,0,0,1.34038287100562e-06,0,0,0,0,0.000409940317861017,0,0,0,0,1.23515378846383e-05,0,0,0,0,1.23515378846383e-05,0,0,0,0,0,0,0,0,0,0,0,0,0,0,0,0,0,0,0,1.28037998364547e-05,0,0,0,0,0.000102420950442767,0,0,0,0,1.63873520708428e-05,0,0,0,0,0.000229227066987381,0,0,0,0,0.00018311019258196,0
333,0,0,0,0.00510136921667201,0,0,0,0,0.00510136921667201,0,0,0,0,0,0,0,0,0,1.31152640212041e-06,0,0,0,0,0.000415718133767112,0,0,0,0,1.21056410314649e-05,0,0,0,0,1.21056410314649e-05,0,0,0,0,0,0,0,0,0,0,0,0,0,0,0,0,0,0,0,1.2528152885434e-05,0,0,0,0,0.000101797787621808,0,0,0,0,1.62876460194893e-05,0,0,0,0,0.000232457858729597,0,0,0,0,0.000185690999926767,0
334,0,0,0,0.00458578037570405,0,0,0,0,0.00458578037570405,0,0,0,0,0,0,0,0,0,1.40882195480651e-06,0,0,0,0,0.000373702035411035,0,0,0,0,1.68676982056558e-05,0,0,0,0,1.68676982056558e-05,0,0,0,0,0,0,0,0,0,0,0,0,0,0,0,0,0,0,0,9.15076310357874e-05,0,0,0,0,0.000148976971847719,0,0,0,0,2.38363154956351e-05,0,0,0,0,0.000208963641223326,0,0,0,0,0.00016692344883136,0
335,0,0,0,0.00456136484139028,0,0,0,0,0.00456136484139028,0,0,0,0,0,0,0,0,0,1.39063753289529e-06,0,0,0,0,0.000371712377354788,0,0,0,0,1.28160173523362e-05,0,0,0,0,1.28160173523362e-05,0,0,0,0,0,0,0,0,0,0,0,0,0,0,0,0,0,0,0,1.32838501609044e-05,0,0,0,0,0.000100982330106453,0,0,0,0,1.61571728170324e-05,0,0,0,0,0.000207851080539075,0,0,0,0,0.000166034717828387,0
336,0,0,0,0.00431760893309735,0,0,0,0,0.00431760893309735,0,0,0,0,0,0,0,0,0,1.36069915517842e-06,0,0,0,0,0.000351848347329462,0,0,0,0,1.21865887442366e-05,0,0,0,0,1.21865887442366e-05,0,0,0,0,0,0,0,0,0,0,0,0,0,0,0,0,0,0,0,1.29978679953337e-05,0,0,0,0,9.57927992073158e-05,0,0,0,0,1.53268478731705e-05,0,0,0,0,0.00019674367503914,0,0,0,0,0.000157161947317865,0
337,0,0,0,0.00449017659164579,0,0,0,0,0.00449017659164579,0,0,0,0,0,0,0,0,0,1.33140530662e-06,0,0,0,0,0.000365911141436947,0,0,0,0,1.22418173661967e-05,0,0,0,0,1.22418173661967e-05,0,0,0,0,0,0,0,0,0,0,0,0,0,0,0,0,0,0,0,1.27180430427066e-05,0,0,0,0,9.75275447612342e-05,0,0,0,0,1.56044071617975e-05,0,0,0,0,0.000204607192986645,0,0,0,0,0.000163443449344058,0
338,0,0,0,0.00403410684059574,0,0,0,0,0.00403410684059574,0,0,0,0,0,0,0,0,0,1.30274211147244e-06,0,0,0,0,0.000328745341879736,0,0,0,0,1.63315718992316e-05,0,0,0,0,1.63315718992316e-05,0,0,0,0,0,0,0,0,0,0,0,0,0,0,0,0,0,0,0,9.10498172923569e-05,0,0,0,0,0.000114261302024681,0,0,0,0,1.8281808323949e-05,0,0,0,0,0.000183825125808689,0,0,0,0,0.000146842406660838,0
339,0,0,0,0.00495013906330053,0,0,0,0,0.00495013906330053,0,0,0,0,0,0,0,0,0,1.41270688035367e-06,0,0,0,0,0.000403394164562248,0,0,0,0,1.67386592132626e-05,0,0,0,0,1.67386592132626e-05,0,0,0,0,0,0,0,0,0,0,0,0,0,0,0,0,0,0,0,9.20191921723495e-05,0,0,0,0,0.000123747109185315,0,0,0,0,1.97995374696503e-05,0,0,0,0,0.000225566642639377,0,0,0,0,0.000180186187942789,0
340,0,0,0,0.00480968628178799,0,0,0,0,0.00480968628178799,0,0,0,0,0,0,0,0,0,1.51789492572448e-06,0,0,0,0,0.000391948459353934,0,0,0,0,1.54268701483992e-05,0,0,0,0,1.54268701483992e-05,0,0,0,0,0,0,0,0,0,0,0,0,0,0,0,0,0,0,0,3.78094552143425e-05,0,0,0,0,0.000116044409874358,0,0,0,0,1.85671055798972e-05,0,0,0,0,0.000219166527012318,0,0,0,0,0.000175073674746073,0
341,0,0,0,0.00501874433409607,0,0,0,0,0.00501874433409607,0,0,0,0,0,0,0,0,0,1.48521690325458e-06,0,0,0,0,0.000408984909699553,0,0,0,0,1.36663695945073e-05,0,0,0,0,1.36663695945073e-05,0,0,0,0,0,0,0,0,0,0,0,0,0,0,0,0,0,0,0,1.41873045040658e-05,0,0,0,0,0.00010890795845165,0,0,0,0,1.7425273352264e-05,0,0,0,0,0.000228692829682373,0,0,0,0,0.000182683435405811,0
342,0,0,0,0.00544828814107987,0,0,0,0,0.00544828814107987,0,0,0,0,0,0,0,0,0,1.58904044378004e-06,0,0,0,0,0.000443989070783785,0,0,0,0,1.8877810827586e-05,0,0,0,0,1.8877810827586e-05,0,0,0,0,0,0,0,0,0,0,0,0,0,0,0,0,0,0,0,9.32307020520951e-05,0,0,0,0,0.000166430244437989,0,0,0,0,2.66288391100783e-05,0,0,0,0,0.000248266169576236,0,0,0,0,0.000198318927690999,0
343,0,0,0,0.00530576085648762,0,0,0,0,0.00530576085648762,0,0,0,0,0,0,0,0,0,1.55708422034886e-06,0,0,0,0,0.00043237431124669,0,0,0,0,1.43604597416623e-05,0,0,0,0,1.43604597416623e-05,0,0,0,0,0,0,0,0,0,0,0,0,0,0,0,0,0,0,0,1.48738059230323e-05,0,0,0,0,0.000114693150916462,0,0,0,0,1.8350904146634e-05,0,0,0,0,0.000241771523535213,0,0,0,0,0.000193130902110281,0
344,0,0,0,0.00521192487812537,0,0,0,0,0.00521192487812537,0,0,0,0,0,0,0,0,0,1.52218152203682e-06,0,0,0,0,0.000424727478377295,0,0,0,0,1.84019208893724e-05,0,0,0,0,1.84019208893724e-05,0,0,0,0,0,0,0,0,0,0,0,0,0,0,0,0,0,0,0,9.30428137295503e-05,0,0,0,0,0.000134201302562945,0,0,0,0,2.14722084100712e-05,0,0,0,0,0.000237495630206301,0,0,0,0,0.000189715251152447,0
345,0,0,0,0.00586382800418688,0,0,0,0,0.00586382800418688,0,0,0,0,0,0,0,0,0,1.62749284759187e-06,0,0,0,0,0.000477852029738436,0,0,0,0,1.97832903144524e-05,0,0,0,0,1.97832903144524e-05,0,0,0,0,0,0,0,0,0,0,0,0,0,0,0,0,0,0,0,9.39808287992513e-05,0,0,0,0,0.000146348221723201,0,0,0,0,2.34157154757121e-05,0,0,0,0,0.000267201381416806,0,0,0,0,0.000213444673233509,0
346,0,0,0,0.00565756489050003,0,0,0,0,0.00565756489050003,0,0,0,0,0,0,0,0,0,1.72918574303028e-06,0,0,0,0,0.000461043343081008,0,0,0,0,1.63147148951693e-05,0,0,0,0,1.63147148951693e-05,0,0,0,0,0,0,0,0,0,0,0,0,0,0,0,0,0,0,0,2.32008991807116e-05,0,0,0,0,0.000127327193411792,0,0,0,0,2.03723509458866e-05,0,0,0,0,0.000257802437779116,0,0,0,0,0.000205936648975365,0
347,0,0,0,0.00643105968173047,0,0,0,0,0.00643105968173047,0,0,0,0,0,0,0,0,0,1.69349392265535e-06,0,0,0,0,0.000524076579341973,0,0,0,0,1.99932964587934e-05,0,0,0,0,1.99932964587934e-05,0,0,0,0,0,0,0,0,0,0,0,0,0,0,0,0,0,0,0,9.45626621194375e-05,0,0,0,0,0.000151965194490436,0,0,0,0,2.43144311184697e-05,0,0,0,0,0.00029304884619831,0,0,0,0,0.000234092035327782,0
348,0,0,0,0.00647972733361163,0,0,0,0,0.00647972733361163,0,0,0,0,0,0,0,0,0,1.7938899383037e-06,0,0,0,0,0.000528042578381749,0,0,0,0,2.02571146171261e-05,0,0,0,0,2.02571146171261e-05,0,0,0,0,0,0,0,0,0,0,0,0,0,0,0,0,0,0,0,9.54532951037675e-05,0,0,0,0,0.000153684846165375,0,0,0,0,2.458957538646e-05,0,0,0,0,0.000295266521035238,0,0,0,0,0.000235863548926987,0
349,0,0,0,0.00607148915358286,0,0,0,0,0.00607148915358286,0,0,0,0,0,0,0,0,0,1.88882002480925e-06,0,0,0,0,0.000494774644396614,0,0,0,0,1.88191010054074e-05,0,0,0,0,1.88191010054074e-05,0,0,0,0,0,0,0,0,0,0,0,0,0,0,0,0,0,0,0,4.1240445448884e-05,0,0,0,0,0.000143190190106038,0,0,0,0,2.29104304169661e-05,0,0,0,0,0.000276664030380177,0,0,0,0,0.000221003586309484,0
350,0,0,0,0.00616439737282136,0,0,0,0,0.00616439737282136,0,0,0,0,0,0,0,0,0,1.85151144458488e-06,0,0,0,0,0.00050234587280079,0,0,0,0,2.18653589753645e-05,0,0,0,0,2.18653589753645e-05,0,0,0,0,0,0,0,0,0,0,0,0,0,0,0,0,0,0,0,9.60178508536954e-05,0,0,0,0,0.000159153909310512,0,0,0,0,2.54646254896819e-05,0,0,0,0,0.000280897647823898,0,0,0,0,0.000224385466624171,0
351,0,0,0,0.0066834651804698,0,0,0,0,0.0066834651804698,0,0,0,0,0,0,0,0,0,1.94825761438658e-06,0,0,0,0,0.000544645477304807,0,0,0,0,1.75797904931351e-05,0,0,0,0,1.75797904931351e-05,0,0,0,0,0,0,0,0,0,0,0,0,0,0,0,0,0,0,0,1.86104806688016e-05,0,0,0,0,0.000141902049533601,0,0,0,0,2.27043279253761e-05,0,0,0,0,0.000304550393974301,0,0,0,0,0.000243279652898129,0
352,0,0,0,0.00683731176396545,0,0,0,0,0.00683731176396545,0,0,0,0,0,0,0,0,0,1.90631449946817e-06,0,0,0,0,0.000557182663276024,0,0,0,0,1.75736622996134e-05,0,0,0,0,1.75736622996134e-05,0,0,0,0,0,0,0,0,0,0,0,0,0,0,0,0,0,0,0,1.82097740910474e-05,0,0,0,0,0.000143172854577292,0,0,0,0,2.29076567323667e-05,0,0,0,0,0.000311560834868362,0,0,0,0,0.000248879703533801,0
353,0,0,0,0.00578649370064454,0,0,0,0,0.00578649370064454,0,0,0,0,0,0,0,0,0,1.8635836574281e-06,0,0,0,0,0.00047154994279289,0,0,0,0,1.71296423338917e-05,0,0,0,0,1.71296423338917e-05,0,0,0,0,0,0,0,0,0,0,0,0,0,0,0,0,0,0,0,1.78015943387101e-05,0,0,0,0,0.000132461099355693,0,0,0,0,2.11937758969109e-05,0,0,0,0,0.000263677432091781,0,0,0,0,0.000210629686992857,0
354,0,0,0,0.00664247762785578,0,0,0,0,0.00664247762785578,0,0,0,0,0,0,0,0,0,1.82346344626395e-06,0,0,0,0,0.000541305340930303,0,0,0,0,2.11332618646999e-05,0,0,0,0,2.11332618646999e-05,0,0,0,0,0,0,0,0,0,0,0,0,0,0,0,0,0,0,0,9.5749545501729e-05,0,0,0,0,0.000159411632882428,0,0,0,0,2.55058612611885e-05,0,0,0,0,0.000302682683892842,0,0,0,0,0.000241787696659287,0
355,0,0,0,0.00683685344703201,0,0,0,0,0.00683685344703201,0,0,0,0,0,0,0,0,0,1.9209373774177e-06,0,0,0,0,0.000557145314350245,0,0,0,0,1.81451441348303e-05,0,0,0,0,1.81451441348303e-05,0,0,0,0,0,0,0,0,0,0,0,0,0,0,0,0,0,0,0,2.49664109799535e-05,0,0,0,0,0.000146006957258684,0,0,0,0,2.33611131613894e-05,0,0,0,0,0.000311539950402165,0,0,0,0,0.000248863020693168,0
356,0,0,0,0.00618741554670943,0,0,0,0,0.00618741554670943,0,0,0,0,0,0,0,0,0,2.01669773376308e-06,0,0,0,0,0.000504221657886135,0,0,0,0,2.28630866500922e-05,0,0,0,0,2.28630866500922e-05,0,0,0,0,0,0,0,0,0,0,0,0,0,0,0,0,0,0,0,9.67691465389053e-05,0,0,0,0,0.000179735239596163,0,0,0,0,2.87576383353861e-05,0,0,0,0,0.000281946533953606,0,0,0,0,0.000225223333389783,0
357,0,0,0,0.00669222907753169,0,0,0,0,0.00669222907753169,0,0,0,0,0,0,0,0,0,1.97412332588287e-06,0,0,0,0,0.000545359660257727,0,0,0,0,1.82038561499823e-05,0,0,0,0,1.82038561499823e-05,0,0,0,0,0,0,0,0,0,0,0,0,0,0,0,0,0,0,0,1.88575074061719e-05,0,0,0,0,0.000145171179783698,0,0,0,0,2.32273887653916e-05,0,0,0,0,0.000304949744944326,0,0,0,0,0.000243598660744759,0
358,0,0,0,0.00636529091333212,0,0,0,0,0.00636529091333212,0,0,0,0,0,0,0,0,0,1.93162335847717e-06,0,0,0,0,0.000518716984986527,0,0,0,0,1.78142066185858e-05,0,0,0,0,1.78142066185858e-05,0,0,0,0,0,0,0,0,0,0,0,0,0,0,0,0,0,0,0,1.84515330480214e-05,0,0,0,0,0.000140548007066608,0,0,0,0,2.24876811306573e-05,0,0,0,0,0.000290051912154956,0,0,0,0,0.000231698037197255,0
359,0,0,0,0.00606501536743332,0,0,0,0,0.00606501536743332,0,0,0,0,0,0,0,0,0,1.89003835276904e-06,0,0,0,0,0.000494247085974123,0,0,0,0,1.74211474897363e-05,0,0,0,0,1.74211474897363e-05,0,0,0,0,0,0,0,0,0,0,0,0,0,0,0,0,0,0,0,1.8054298719829e-05,0,0,0,0,0.000136124209983049,0,0,0,0,2.17798735972879e-05,0,0,0,0,0.000276369034585465,0,0,0,0,0.000220767939021009,0
360,0,0,0,0.00680291351134444,0,0,0,0,0.00680291351134444,0,0,0,0,0,0,0,0,0,1.85102639530883e-06,0,0,0,0,0.000554379498718218,0,0,0,0,1.70737108510195e-05,0,0,0,0,1.70737108510195e-05,0,0,0,0,0,0,0,0,0,0,0,0,0,0,0,0,0,0,0,1.76816430366255e-05,0,0,0,0,0.000140368345014997,0,0,0,0,2.24589352023996e-05,0,0,0,0,0.000309993384286235,0,0,0,0,0.000247627599313614,0
361,0,0,0,0.00634252113817938,0,0,0,0,0.00634252113817938,0,0,0,0,0,0,0,0,0,1.80953485939909e-06,0,0,0,0,0.000516861442282058,0,0,0,0,1.66628389675491e-05,0,0,0,0,1.66628389675491e-05,0,0,0,0,0,0,0,0,0,0,0,0,0,0,0,0,0,0,0,1.72853015642096e-05,0,0,0,0,0.000134586546818559,0,0,0,0,2.15338474909694e-05,0,0,0,0,0.000289014344993877,0,0,0,0,0.000230869212202114,0
362,0,0,0,0.00570648447500742,0,0,0,0,0.00570648447500742,0,0,0,0,0,0,0,0,0,1.7705782392449e-06,0,0,0,0,0.000465029872483665,0,0,0,0,1.62985892172935e-05,0,0,0,0,1.62985892172935e-05,0,0,0,0,0,0,0,0,0,0,0,0,0,0,0,0,0,0,0,1.69131744820537e-05,0,0,0,0,0.000127628391763,0,0,0,0,2.04205426820801e-05,0,0,0,0,0.000260031592616089,0,0,0,0,0.000207717332979474,0
363,0,0,0,0.00678283636004303,0,0,0,0,0.00678283636004303,0,0,0,0,0,0,0,0,0,1.8680052852906e-06,0,0,0,0,0.00055274338191979,0,0,0,0,2.14626264150742e-05,0,0,0,0,2.14626264150742e-05,0,0,0,0,0,0,0,0,0,0,0,0,0,0,0,0,0,0,0,9.58978880645486e-05,0,0,0,0,0.000190213935141691,0,0,0,0,3.04342296226706e-05,0,0,0,0,0.000309078513904835,0,0,0,0,0.000246896786439169,0
364,0,0,0,0.00620255506189583,0,0,0,0,0.00620255506189583,0,0,0,0,0,0,0,0,0,1.83029099641383e-06,0,0,0,0,0.000505455399403778,0,0,0,0,1.6889484447496e-05,0,0,0,0,1.6889484447496e-05,0,0,0,0,0,0,0,0,0,0,0,0,0,0,0,0,0,0,0,1.74835713492904e-05,0,0,0,0,0.000134594777957156,0,0,0,0,2.15351644731449e-05,0,0,0,0,0.000282636407423445,0,0,0,0,0.000225774415186447,0
