"daynum","ind.derm.exp1","ind.derm.exp2","ind.derm.exp3","ind.derm.exp4","ind.derm.exp5","ind.derm.pr.exp1","ind.derm.pr.exp2","ind.derm.pr.exp3","ind.derm.pr.exp4","ind.derm.pr.exp5","ind.derm.ar.exp1","ind.derm.ar.exp2","ind.derm.ar.exp3","ind.derm.ar.exp4","ind.derm.ar.exp5","ind.derm.max1","ind.derm.max2","ind.derm.max3","ind.derm.max4","ind.derm.max5","ind.derm.abs1","ind.derm.abs2","ind.derm.abs3","ind.derm.abs4","ind.derm.abs5","ind.inhal.exp1","ind.inhal.exp2","ind.inhal.exp3","ind.inhal.exp4","ind.inhal.exp5","ind.inhal.pr.exp1","ind.inhal.pr.exp2","ind.inhal.pr.exp3","ind.inhal.pr.exp4","ind.inhal.pr.exp5","ind.inhal.ar.exp1","ind.inhal.ar.exp2","ind.inhal.ar.exp3","ind.inhal.ar.exp4","ind.inhal.ar.exp5","ind.inhal.amb.in1","ind.inhal.amb.in2","ind.inhal.amb.in3","ind.inhal.amb.in4","ind.inhal.amb.in5","ind.inhal.amb.out1","ind.inhal.amb.out2","ind.inhal.amb.out3","ind.inhal.amb.out4","ind.inhal.amb.out5","ind.inhal.max1","ind.inhal.max2","ind.inhal.max3","ind.inhal.max4","ind.inhal.max5","ind.inhal.mass1","ind.inhal.mass2","ind.inhal.mass3","ind.inhal.mass4","ind.inhal.mass5","ind.inhal.abs1","ind.inhal.abs2","ind.inhal.abs3","ind.inhal.abs4","ind.inhal.abs5","ind.ingest.exp1","ind.ingest.exp2","ind.ingest.exp3","ind.ingest.exp4","ind.ingest.exp5","ind.ingest.abs1","ind.ingest.abs2","ind.ingest.abs3","ind.ingest.abs4","ind.ingest.abs5"
1,0,0,0,0,0,0,0,0,0,0,0,0,0,0,0,0,0,0,0,0,0,0,0,0,0,0,0,0,0,0,0,0,0,0,0,0,0,0,0,0,0,0,0,0,0,0,0,0,0,0,0,0,0,0,0,0,0,0,0,0,0,0,0,0,0,0,0,0,0,0,0,0,0,0,0
2,0,0,0,0,0,0,0,0,0,0,0,0,0,0,0,0,0,0,0,0,0,0,0,0,0,0,0,0,0,0,0,0,0,0,0,0,0,0,0,0,0,0,0,0,0,0,0,0,0,0,0,0,0,0,0,0,0,0,0,0,0,0,0,0,0,0,0,0,0,0,0,0,0,0,0
3,0,0,0,0,0,0,0,0,0,0,0,0,0,0,0,0,0,0,0,0,0,0,0,0,0,0,0,0,0,0,0,0,0,0,0,0,0,0,0,0,0,0,0,0,0,0,0,0,0,0,0,0,0,0,0,0,0,0,0,0,0,0,0,0,0,0,0,0,0,0,0,0,0,0,0
4,0,0,0,0,0,0,0,0,0,0,0,0,0,0,0,0,0,0,0,0,0,0,0,0,0,0,0,0,0,0,0,0,0,0,0,0,0,0,0,0,0,0,0,0,0,0,0,0,0,0,0,0,0,0,0,0,0,0,0,0,0,0,0,0,0,0,0,0,0,0,0,0,0,0,0
5,0,0,0,0,0,0,0,0,0,0,0,0,0,0,0,0,0,0,0,0,0,0,0,0,0,0,0,0,0,0,0,0,0,0,0,0,0,0,0,0,0,0,0,0,0,0,0,0,0,0,0,0,0,0,0,0,0,0,0,0,0,0,0,0,0,0,0,0,0,0,0,0,0,0,0
6,0,0,0,0,0,0,0,0,0,0,0,0,0,0,0,0,0,0,0,0,0,0,0,0,0,0,0,0,0,0,0,0,0,0,0,0,0,0,0,0,0,0,0,0,0,0,0,0,0,0,0,0,0,0,0,0,0,0,0,0,0,0,0,0,0,0,0,0,0,0,0,0,0,0,0
7,0,0,0,0,0,0,0,0,0,0,0,0,0,0,0,0,0,0,0,0,0,0,0,0,0,0,0,0,0,0,0,0,0,0,0,0,0,0,0,0,0,0,0,0,0,0,0,0,0,0,0,0,0,0,0,0,0,0,0,0,0,0,0,0,0,0,0,0,0,0,0,0,0,0,0
8,0,0,0,0,0,0,0,0,0,0,0,0,0,0,0,0,0,0,0,0,0,0,0,0,0,0,0,0,0,0,0,0,0,0,0,0,0,0,0,0,0,0,0,0,0,0,0,0,0,0,0,0,0,0,0,0,0,0,0,0,0,0,0,0,0,0,0,0,0,0,0,0,0,0,0
9,0,0,0,0,0,0,0,0,0,0,0,0,0,0,0,0,0,0,0,0,0,0,0,0,0,0,0,0,0,0,0,0,0,0,0,0,0,0,0,0,0,0,0,0,0,0,0,0,0,0,0,0,0,0,0,0,0,0,0,0,0,0,0,0,0,0,0,0,0,0,0,0,0,0,0
10,0,0,0,0,0,0,0,0,0,0,0,0,0,0,0,0,0,0,0,0,0,0,0,0,0,0,0,0,0,0,0,0,0,0,0,0,0,0,0,0,0,0,0,0,0,0,0,0,0,0,0,0,0,0,0,0,0,0,0,0,0,0,0,0,0,0,0,0,0,0,0,0,0,0,0
11,0,0,0,0,0,0,0,0,0,0,0,0,0,0,0,0,0,0,0,0,0,0,0,0,0,0,0,0,0,0,0,0,0,0,0,0,0,0,0,0,0,0,0,0,0,0,0,0,0,0,0,0,0,0,0,0,0,0,0,0,0,0,0,0,0,0,0,0,0,0,0,0,0,0,0
12,0,0,0,0,0,0,0,0,0,0,0,0,0,0,0,0,0,0,0,0,0,0,0,0,0,0,0,0,0,0,0,0,0,0,0,0,0,0,0,0,0,0,0,0,0,0,0,0,0,0,0,0,0,0,0,0,0,0,0,0,0,0,0,0,0,0,0,0,0,0,0,0,0,0,0
13,0,0,0,0,0,0,0,0,0,0,0,0,0,0,0,0,0,0,0,0,0,0,0,0,0,0,0,0,0,0,0,0,0,0,0,0,0,0,0,0,0,0,0,0,0,0,0,0,0,0,0,0,0,0,0,0,0,0,0,0,0,0,0,0,0,0,0,0,0,0,0,0,0,0,0
14,0,0,0,0,0,0,0,0,0,0,0,0,0,0,0,0,0,0,0,0,0,0,0,0,0,0,0,0,0,0,0,0,0,0,0,0,0,0,0,0,0,0,0,0,0,0,0,0,0,0,0,0,0,0,0,0,0,0,0,0,0,0,0,0,0,0,0,0,0,0,0,0,0,0,0
15,0,0,0,0,0,0,0,0,0,0,0,0,0,0,0,0,0,0,0,0,0,0,0,0,0,0,0,0,0,0,0,0,0,0,0,0,0,0,0,0,0,0,0,0,0,0,0,0,0,0,0,0,0,0,0,0,0,0,0,0,0,0,0,0,0,0,0,0,0,0,0,0,0,0,0
16,0,0,0,0,0,0,0,0,0,0,0,0,0,0,0,0,0,0,0,0,0,0,0,0,0,0,0,0,0,0,0,0,0,0,0,0,0,0,0,0,0,0,0,0,0,0,0,0,0,0,0,0,0,0,0,0,0,0,0,0,0,0,0,0,0,0,0,0,0,0,0,0,0,0,0
17,0,0,0,0,0,0,0,0,0,0,0,0,0,0,0,0,0,0,0,0,0,0,0,0,0,0,0,0,0,0,0,0,0,0,0,0,0,0,0,0,0,0,0,0,0,0,0,0,0,0,0,0,0,0,0,0,0,0,0,0,0,0,0,0,0,0,0,0,0,0,0,0,0,0,0
18,0,0,0,0,0,0,0,0,0,0,0,0,0,0,0,0,0,0,0,0,0,0,0,0,0,0,0,0,0,0,0,0,0,0,0,0,0,0,0,0,0,0,0,0,0,0,0,0,0,0,0,0,0,0,0,0,0,0,0,0,0,0,0,0,0,0,0,0,0,0,0,0,0,0,0
19,0,0,0,0,0,0,0,0,0,0,0,0,0,0,0,0,0,0,0,0,0,0,0,0,0,0,0,0,0,0,0,0,0,0,0,0,0,0,0,0,0,0,0,0,0,0,0,0,0,0,0,0,0,0,0,0,0,0,0,0,0,0,0,0,0,0,0,0,0,0,0,0,0,0,0
20,0,0,0,0,0,0,0,0,0,0,0,0,0,0,0,0,0,0,0,0,0,0,0,0,0,0,0,0,0,0,0,0,0,0,0,0,0,0,0,0,0,0,0,0,0,0,0,0,0,0,0,0,0,0,0,0,0,0,0,0,0,0,0,0,0,0,0,0,0,0,0,0,0,0,0
21,0,0,0,0,0,0,0,0,0,0,0,0,0,0,0,0,0,0,0,0,0,0,0,0,0,0,0,0,0,0,0,0,0,0,0,0,0,0,0,0,0,0,0,0,0,0,0,0,0,0,0,0,0,0,0,0,0,0,0,0,0,0,0,0,0,0,0,0,0,0,0,0,0,0,0
22,0,0,0,0,0,0,0,0,0,0,0,0,0,0,0,0,0,0,0,0,0,0,0,0,0,0,0,0,0,0,0,0,0,0,0,0,0,0,0,0,0,0,0,0,0,0,0,0,0,0,0,0,0,0,0,0,0,0,0,0,0,0,0,0,0,0,0,0,0,0,0,0,0,0,0
23,0,0,0,0,0,0,0,0,0,0,0,0,0,0,0,0,0,0,0,0,0,0,0,0,0,0,0,0,0,0,0,0,0,0,0,0,0,0,0,0,0,0,0,0,0,0,0,0,0,0,0,0,0,0,0,0,0,0,0,0,0,0,0,0,0,0,0,0,0,0,0,0,0,0,0
24,0,0,0,0,0,0,0,0,0,0,0,0,0,0,0,0,0,0,0,0,0,0,0,0,0,0,0,0,0,0,0,0,0,0,0,0,0,0,0,0,0,0,0,0,0,0,0,0,0,0,0,0,0,0,0,0,0,0,0,0,0,0,0,0,0,0,0,0,0,0,0,0,0,0,0
25,0,0,0,0,0,0,0,0,0,0,0,0,0,0,0,0,0,0,0,0,0,0,0,0,0,0,0,0,0,0,0,0,0,0,0,0,0,0,0,0,0,0,0,0,0,0,0,0,0,0,0,0,0,0,0,0,0,0,0,0,0,0,0,0,0,0,0,0,0,0,0,0,0,0,0
26,0,0,0,0,0,0,0,0,0,0,0,0,0,0,0,0,0,0,0,0,0,0,0,0,0,0,0,0,0,0,0,0,0,0,0,0,0,0,0,0,0,0,0,0,0,0,0,0,0,0,0,0,0,0,0,0,0,0,0,0,0,0,0,0,0,0,0,0,0,0,0,0,0,0,0
27,0,0,0,0,0,0,0,0,0,0,0,0,0,0,0,0,0,0,0,0,0,0,0,0,0,0,0,0,0,0,0,0,0,0,0,0,0,0,0,0,0,0,0,0,0,0,0,0,0,0,0,0,0,0,0,0,0,0,0,0,0,0,0,0,0,0,0,0,0,0,0,0,0,0,0
28,0,0,0,0,0,0,0,0,0,0,0,0,0,0,0,0,0,0,0,0,0,0,0,0,0,0,0,0,0,0,0,0,0,0,0,0,0,0,0,0,0,0,0,0,0,0,0,0,0,0,0,0,0,0,0,0,0,0,0,0,0,0,0,0,0,0,0,0,0,0,0,0,0,0,0
29,0,0,0,0,0,0,0,0,0,0,0,0,0,0,0,0,0,0,0,0,0,0,0,0,0,0,0,0,0,0,0,0,0,0,0,0,0,0,0,0,0,0,0,0,0,0,0,0,0,0,0,0,0,0,0,0,0,0,0,0,0,0,0,0,0,0,0,0,0,0,0,0,0,0,0
30,0,0,0,0,0,0,0,0,0,0,0,0,0,0,0,0,0,0,0,0,0,0,0,0,0,0,0,0,0,0,0,0,0,0,0,0,0,0,0,0,0,0,0,0,0,0,0,0,0,0,0,0,0,0,0,0,0,0,0,0,0,0,0,0,0,0,0,0,0,0,0,0,0,0,0
31,0,0,0,0,0,0,0,0,0,0,0,0,0,0,0,0,0,0,0,0,0,0,0,0,0,0,0,0,0,0,0,0,0,0,0,0,0,0,0,0,0,0,0,0,0,0,0,0,0,0,0,0,0,0,0,0,0,0,0,0,0,0,0,0,0,0,0,0,0,0,0,0,0,0,0
32,0,0,0,0,0,0,0,0,0,0,0,0,0,0,0,0,0,0,0,0,0,0,0,0,0,0,0,0,0,0,0,0,0,0,0,0,0,0,0,0,0,0,0,0,0,0,0,0,0,0,0,0,0,0,0,0,0,0,0,0,0,0,0,0,0,0,0,0,0,0,0,0,0,0,0
33,0,0,0,0,0,0,0,0,0,0,0,0,0,0,0,0,0,0,0,0,0,0,0,0,0,0,0,0,0,0,0,0,0,0,0,0,0,0,0,0,0,0,0,0,0,0,0,0,0,0,0,0,0,0,0,0,0,0,0,0,0,0,0,0,0,0,0,0,0,0,0,0,0,0,0
34,0,0,0,0,0,0,0,0,0,0,0,0,0,0,0,0,0,0,0,0,0,0,0,0,0,0,0,0,0,0,0,0,0,0,0,0,0,0,0,0,0,0,0,0,0,0,0,0,0,0,0,0,0,0,0,0,0,0,0,0,0,0,0,0,0,0,0,0,0,0,0,0,0,0,0
35,0,0,0,0,0,0,0,0,0,0,0,0,0,0,0,0,0,0,0,0,0,0,0,0,0,0,0,0,0,0,0,0,0,0,0,0,0,0,0,0,0,0,0,0,0,0,0,0,0,0,0,0,0,0,0,0,0,0,0,0,0,0,0,0,0,0,0,0,0,0,0,0,0,0,0
36,0,0,0,0,0,0,0,0,0,0,0,0,0,0,0,0,0,0,0,0,0,0,0,0,0,0,0,0,0,0,0,0,0,0,0,0,0,0,0,0,0,0,0,0,0,0,0,0,0,0,0,0,0,0,0,0,0,0,0,0,0,0,0,0,0,0,0,0,0,0,0,0,0,0,0
37,0,0,0,0,0,0,0,0,0,0,0,0,0,0,0,0,0,0,0,0,0,0,0,0,0,0,0,0,0,0,0,0,0,0,0,0,0,0,0,0,0,0,0,0,0,0,0,0,0,0,0,0,0,0,0,0,0,0,0,0,0,0,0,0,0,0,0,0,0,0,0,0,0,0,0
38,0,0,0,0,0,0,0,0,0,0,0,0,0,0,0,0,0,0,0,0,0,0,0,0,0,0,0,0,0,0,0,0,0,0,0,0,0,0,0,0,0,0,0,0,0,0,0,0,0,0,0,0,0,0,0,0,0,0,0,0,0,0,0,0,0,0,0,0,0,0,0,0,0,0,0
39,0,0,0,0,0,0,0,0,0,0,0,0,0,0,0,0,0,0,0,0,0,0,0,0,0,0,0,0,0,0,0,0,0,0,0,0,0,0,0,0,0,0,0,0,0,0,0,0,0,0,0,0,0,0,0,0,0,0,0,0,0,0,0,0,0,0,0,0,0,0,0,0,0,0,0
40,0,0,0,0,0,0,0,0,0,0,0,0,0,0,0,0,0,0,0,0,0,0,0,0,0,0,0,0,0,0,0,0,0,0,0,0,0,0,0,0,0,0,0,0,0,0,0,0,0,0,0,0,0,0,0,0,0,0,0,0,0,0,0,0,0,0,0,0,0,0,0,0,0,0,0
41,0,0,0,0,0,0,0,0,0,0,0,0,0,0,0,0,0,0,0,0,0,0,0,0,0,0,0,0,0,0,0,0,0,0,0,0,0,0,0,0,0,0,0,0,0,0,0,0,0,0,0,0,0,0,0,0,0,0,0,0,0,0,0,0,0,0,0,0,0,0,0,0,0,0,0
42,0,0,0,0,0,0,0,0,0,0,0,0,0,0,0,0,0,0,0,0,0,0,0,0,0,0,0,0,0,0,0,0,0,0,0,0,0,0,0,0,0,0,0,0,0,0,0,0,0,0,0,0,0,0,0,0,0,0,0,0,0,0,0,0,0,0,0,0,0,0,0,0,0,0,0
43,0,0,0,0,0,0,0,0,0,0,0,0,0,0,0,0,0,0,0,0,0,0,0,0,0,0,0,0,0,0,0,0,0,0,0,0,0,0,0,0,0,0,0,0,0,0,0,0,0,0,0,0,0,0,0,0,0,0,0,0,0,0,0,0,0,0,0,0,0,0,0,0,0,0,0
44,0,0,0,0,0,0,0,0,0,0,0,0,0,0,0,0,0,0,0,0,0,0,0,0,0,0,0,0,0,0,0,0,0,0,0,0,0,0,0,0,0,0,0,0,0,0,0,0,0,0,0,0,0,0,0,0,0,0,0,0,0,0,0,0,0,0,0,0,0,0,0,0,0,0,0
45,0,0,0,0,0,0,0,0,0,0,0,0,0,0,0,0,0,0,0,0,0,0,0,0,0,0,0,0,0,0,0,0,0,0,0,0,0,0,0,0,0,0,0,0,0,0,0,0,0,0,0,0,0,0,0,0,0,0,0,0,0,0,0,0,0,0,0,0,0,0,0,0,0,0,0
46,0,0,0,0,0,0,0,0,0,0,0,0,0,0,0,0,0,0,0,0,0,0,0,0,0,0,0,0,0,0,0,0,0,0,0,0,0,0,0,0,0,0,0,0,0,0,0,0,0,0,0,0,0,0,0,0,0,0,0,0,0,0,0,0,0,0,0,0,0,0,0,0,0,0,0
47,0,0,0,0,0,0,0,0,0,0,0,0,0,0,0,0,0,0,0,0,0,0,0,0,0,0,0,0,0,0,0,0,0,0,0,0,0,0,0,0,0,0,0,0,0,0,0,0,0,0,0,0,0,0,0,0,0,0,0,0,0,0,0,0,0,0,0,0,0,0,0,0,0,0,0
48,0,0,0,0,0,0,0,0,0,0,0,0,0,0,0,0,0,0,0,0,0,0,0,0,0,0,0,0,0,0,0,0,0,0,0,0,0,0,0,0,0,0,0,0,0,0,0,0,0,0,0,0,0,0,0,0,0,0,0,0,0,0,0,0,0,0,0,0,0,0,0,0,0,0,0
49,0,0,0,0,0,0,0,0,0,0,0,0,0,0,0,0,0,0,0,0,0,0,0,0,0,0,0,0,0,0,0,0,0,0,0,0,0,0,0,0,0,0,0,0,0,0,0,0,0,0,0,0,0,0,0,0,0,0,0,0,0,0,0,0,0,0,0,0,0,0,0,0,0,0,0
50,0,0,0,0,0,0,0,0,0,0,0,0,0,0,0,0,0,0,0,0,0,0,0,0,0,0,0,0,0,0,0,0,0,0,0,0,0,0,0,0,0,0,0,0,0,0,0,0,0,0,0,0,0,0,0,0,0,0,0,0,0,0,0,0,0,0,0,0,0,0,0,0,0,0,0
51,0,0,0,0,0,0,0,0,0,0,0,0,0,0,0,0,0,0,0,0,0,0,0,0,0,0,0,0,0,0,0,0,0,0,0,0,0,0,0,0,0,0,0,0,0,0,0,0,0,0,0,0,0,0,0,0,0,0,0,0,0,0,0,0,0,0,0,0,0,0,0,0,0,0,0
52,0,0,0,0,0,0,0,0,0,0,0,0,0,0,0,0,0,0,0,0,0,0,0,0,0,0,0,0,0,0,0,0,0,0,0,0,0,0,0,0,0,0,0,0,0,0,0,0,0,0,0,0,0,0,0,0,0,0,0,0,0,0,0,0,0,0,0,0,0,0,0,0,0,0,0
53,0,0,0,0,0,0,0,0,0,0,0,0,0,0,0,0,0,0,0,0,0,0,0,0,0,0,0,0,0,0,0,0,0,0,0,0,0,0,0,0,0,0,0,0,0,0,0,0,0,0,0,0,0,0,0,0,0,0,0,0,0,0,0,0,0,0,0,0,0,0,0,0,0,0,0
54,0,0,0,0,0,0,0,0,0,0,0,0,0,0,0,0,0,0,0,0,0,0,0,0,0,0,0,0,0,0,0,0,0,0,0,0,0,0,0,0,0,0,0,0,0,0,0,0,0,0,0,0,0,0,0,0,0,0,0,0,0,0,0,0,0,0,0,0,0,0,0,0,0,0,0
55,0,0,0,0,0,0,0,0,0,0,0,0,0,0,0,0,0,0,0,0,0,0,0,0,0,0,0,0,0,0,0,0,0,0,0,0,0,0,0,0,0,0,0,0,0,0,0,0,0,0,0,0,0,0,0,0,0,0,0,0,0,0,0,0,0,0,0,0,0,0,0,0,0,0,0
56,0,0,0,0,0,0,0,0,0,0,0,0,0,0,0,0,0,0,0,0,0,0,0,0,0,0,0,0,0,0,0,0,0,0,0,0,0,0,0,0,0,0,0,0,0,0,0,0,0,0,0,0,0,0,0,0,0,0,0,0,0,0,0,0,0,0,0,0,0,0,0,0,0,0,0
57,0,0,0,0,0,0,0,0,0,0,0,0,0,0,0,0,0,0,0,0,0,0,0,0,0,0,0,0,0,0,0,0,0,0,0,0,0,0,0,0,0,0,0,0,0,0,0,0,0,0,0,0,0,0,0,0,0,0,0,0,0,0,0,0,0,0,0,0,0,0,0,0,0,0,0
58,0,0,0,0,0,0,0,0,0,0,0,0,0,0,0,0,0,0,0,0,0,0,0,0,0,0,0,0,0,0,0,0,0,0,0,0,0,0,0,0,0,0,0,0,0,0,0,0,0,0,0,0,0,0,0,0,0,0,0,0,0,0,0,0,0,0,0,0,0,0,0,0,0,0,0
59,0,0,0,0,0,0,0,0,0,0,0,0,0,0,0,0,0,0,0,0,0,0,0,0,0,0,0,0,0,0,0,0,0,0,0,0,0,0,0,0,0,0,0,0,0,0,0,0,0,0,0,0,0,0,0,0,0,0,0,0,0,0,0,0,0,0,0,0,0,0,0,0,0,0,0
60,0,0,0,0,0,0,0,0,0,0,0,0,0,0,0,0,0,0,0,0,0,0,0,0,0,0,0,0,0,0,0,0,0,0,0,0,0,0,0,0,0,0,0,0,0,0,0,0,0,0,0,0,0,0,0,0,0,0,0,0,0,0,0,0,0,0,0,0,0,0,0,0,0,0,0
61,0,0,0,0,0,0,0,0,0,0,0,0,0,0,0,0,0,0,0,0,0,0,0,0,0,0,0,0,0,0,0,0,0,0,0,0,0,0,0,0,0,0,0,0,0,0,0,0,0,0,0,0,0,0,0,0,0,0,0,0,0,0,0,0,0,0,0,0,0,0,0,0,0,0,0
62,0,0,0,0,0,0,0,0,0,0,0,0,0,0,0,0,0,0,0,0,0,0,0,0,0,0,0,0,0,0,0,0,0,0,0,0,0,0,0,0,0,0,0,0,0,0,0,0,0,0,0,0,0,0,0,0,0,0,0,0,0,0,0,0,0,0,0,0,0,0,0,0,0,0,0
63,0,0,0,0,0,0,0,0,0,0,0,0,0,0,0,0,0,0,0,0,0,0,0,0,0,0,0,0,0,0,0,0,0,0,0,0,0,0,0,0,0,0,0,0,0,0,0,0,0,0,0,0,0,0,0,0,0,0,0,0,0,0,0,0,0,0,0,0,0,0,0,0,0,0,0
64,0,0,0,0,0,0,0,0,0,0,0,0,0,0,0,0,0,0,0,0,0,0,0,0,0,0,0,0,0,0,0,0,0,0,0,0,0,0,0,0,0,0,0,0,0,0,0,0,0,0,0,0,0,0,0,0,0,0,0,0,0,0,0,0,0,0,0,0,0,0,0,0,0,0,0
65,0,0,0,0,0,0,0,0,0,0,0,0,0,0,0,0,0,0,0,0,0,0,0,0,0,0,0,0,0,0,0,0,0,0,0,0,0,0,0,0,0,0,0,0,0,0,0,0,0,0,0,0,0,0,0,0,0,0,0,0,0,0,0,0,0,0,0,0,0,0,0,0,0,0,0
66,0,0,0,0,0,0,0,0,0,0,0,0,0,0,0,0,0,0,0,0,0,0,0,0,0,0,0,0,0,0,0,0,0,0,0,0,0,0,0,0,0,0,0,0,0,0,0,0,0,0,0,0,0,0,0,0,0,0,0,0,0,0,0,0,0,0,0,0,0,0,0,0,0,0,0
67,0,0,0,0,0,0,0,0,0,0,0,0,0,0,0,0,0,0,0,0,0,0,0,0,0,0,0,0,0,0,0,0,0,0,0,0,0,0,0,0,0,0,0,0,0,0,0,0,0,0,0,0,0,0,0,0,0,0,0,0,0,0,0,0,0,0,0,0,0,0,0,0,0,0,0
68,0,0,0,0,0,0,0,0,0,0,0,0,0,0,0,0,0,0,0,0,0,0,0,0,0,0,0,0,0,0,0,0,0,0,0,0,0,0,0,0,0,0,0,0,0,0,0,0,0,0,0,0,0,0,0,0,0,0,0,0,0,0,0,0,0,0,0,0,0,0,0,0,0,0,0
69,0,0,0,0,0,0,0,0,0,0,0,0,0,0,0,0,0,0,0,0,0,0,0,0,0,0,0,0,0,0,0,0,0,0,0,0,0,0,0,0,0,0,0,0,0,0,0,0,0,0,0,0,0,0,0,0,0,0,0,0,0,0,0,0,0,0,0,0,0,0,0,0,0,0,0
70,0,0,1.85139663718788,0,0,0,0,1.85139663718788,0,0,0,0,0,0,0,0,0,0.000467123698661694,0,0,0,0,0.00123704496193352,0,0,0,0,5.37418471857726,0,0,0,0,5.37418471857726,0,0,0,0,0,0,0,0,0,0,0,0,0,0,0,0,0,0,0,30.4028562770172,0,0,0,0,55.5902423739069,0,0,0,0,8.89443877982511,0,0,0,0,2.46132587847489e-06,0,0,0,0,2.46057129503237e-06,0,0
71,0,0,1.23264143008684,0,0,0,0,1.23264143008684,0,0,0,0,0,0,0,0,0,0.000357090621503818,0,0,0,0,0.000823612207309372,0,0,0,0,0.38004536836453,0,0,0,0,0.38004536836453,0,0,0,0,0,0,0,0,0,0,0,0,0,0,0,0,0,0,0,0.817169967781315,0,0,0,0,3.04595984455143,0,0,0,0,0.487353575128228,0,0,0,0,1.63872624040267e-06,0,0,0,0,1.63822384626679e-06,0,0
72,0,0,0.849081366845418,0,0,0,0,0.849081366845418,0,0,0,0,0,0,0,0,0,0.000214251383438875,0,0,0,0,0.00056732944525769,0,0,0,0,0.185486993593672,0,0,0,0,0.185486993593672,0,0,0,0,0,0,0,0,0,0,0,0,0,0,0,0,0,0,0,0.239289899015653,0,0,0,0,1.65003432971922,0,0,0,0,0.264005492755075,0,0,0,0,1.12880508647882e-06,0,0,0,0,1.12845902193063e-06,0,0
73,0,0,0.465267547698798,0,0,0,0,0.465267547698798,0,0,0,0,0,0,0,0,0,0.0001200355840889,0,0,0,0,0.000310877131496893,0,0,0,0,0.10891073473821,0,0,0,0,0.10891073473821,0,0,0,0,0,0,0,0,0,0,0,0,0,0,0,0,0,0,0,0.139786990707901,0,0,0,0,0.944074524223532,0,0,0,0,0.151051923875765,0,0,0,0,6.18546578600807e-07,0,0,0,0,6.18356947064926e-07,0,0
74,0,0,0.28687604969539,0,0,0,0,0.28687604969539,0,0,0,0,0,0,0,0,0,7.1899597982573e-05,0,0,0,0,0.000191681547242143,0,0,0,0,0.0638090733509302,0,0,0,0,0.0638090733509302,0,0,0,0,0,0,0,0,0,0,0,0,0,0,0,0,0,0,0,0.0818846246411661,0,0,0,0,0.563669460286104,0,0,0,0,0.0901871136457767,0,0,0,0,3.81385290891753e-07,0,0,0,0,3.81268367314812e-07,0,0
75,0,0,0.14502603488919,0,0,0,0,0.14502603488919,0,0,0,0,0,0,0,0,0,4.11896231273032e-05,0,0,0,0,9.69018319496182e-05,0,0,0,0,0.037152848988446,0,0,0,0,0.037152848988446,0,0,0,0,0,0,0,0,0,0,0,0,0,0,0,0,0,0,0,0.0479668562214718,0,0,0,0,0.311879412694529,0,0,0,0,0.0499007060311246,0,0,0,0,1.92803813918315e-07,0,0,0,0,1.9274470489626e-07,0,0
76,0,0,0.0913064974174605,0,0,0,0,0.0913064974174605,0,0,0,0,0,0,0,0,0,2.41282997906598e-05,0,0,0,0,6.10081277848856e-05,0,0,0,0,0.0217808570735659,0,0,0,0,0.0217808570735659,0,0,0,0,0,0,0,0,0,0,0,0,0,0,0,0,0,0,0,0.0280983072674266,0,0,0,0,0.187502686075726,0,0,0,0,0.0300004297721162,0,0,0,0,1.21386763080574e-07,0,0,0,0,1.21349548812296e-07,0,0
77,0,0,0.0559140725373871,0,0,0,0,0.0559140725373871,0,0,0,0,0,0,0,0,0,1.41340174195963e-05,0,0,0,0,3.73600234245975e-05,0,0,0,0,0.0127568180080958,0,0,0,0,0.0127568180080958,0,0,0,0,0,0,0,0,0,0,0,0,0,0,0,0,0,0,0,0.0164595917584178,0,0,0,0,0.111635736328301,0,0,0,0,0.0178617178125281,0,0,0,0,7.43345596199368e-08,0,0,0,0,7.43117704279868e-08,0,0
78,0,0,0.0562416610563244,0,0,0,0,0.0562416610563244,0,0,0,0,0,0,0,0,0,4.71034897111897e-05,0,0,0,0,3.75789077623989e-05,0,0,0,0,0.656702500761643,0,0,0,0,0.656702500761643,0,0,0,0,0,0,0,0,0,0,0,0,0,0,0,0,0,0,0,5.53490835737557,0,0,0,0,6.26774283328706,0,0,0,0,1.00283885332593,0,0,0,0,7.47700698088159e-08,0,0,0,0,7.47471470998942e-08,0,0
79,0,0,0.346178815747898,0,0,0,0,0.346178815747898,0,0,0,0,0,0,0,0,0,8.72143619627298e-05,0,0,0,0,0.000231305789017479,0,0,0,0,0.407567709314124,0,0,0,0,0.407567709314124,0,0,0,0,0,0,0,0,0,0,0,0,0,0,0,0,0,0,0,1.95903731682347,0,0,0,0,2.72220281240122,0,0,0,0,0.435552449984196,0,0,0,0,4.60224924613831e-07,0,0,0,0,4.60083830697343e-07,0,0
80,0,0,0.203355717529162,0,0,0,0,0.203355717529162,0,0,0,0,0,0,0,0,0,5.26817005854917e-05,0,0,0,0,0.000135875890015618,0,0,0,0,0.0470630160803106,0,0,0,0,0.0470630160803106,0,0,0,0,0,0,0,0,0,0,0,0,0,0,0,0,0,0,0,0.0629937355423505,0,0,0,0,0.409985585651581,0,0,0,0,0.065597693704253,0,0,0,0,2.70349788930487e-07,0,0,0,0,2.70266906173596e-07,0,0
81,0,0,0.122902258394066,0,0,0,0,0.122902258394066,0,0,0,0,0,0,0,0,0,3.08627623840134e-05,0,0,0,0,8.21194208214402e-05,0,0,0,0,0.027220088591538,0,0,0,0,0.027220088591538,0,0,0,0,0,0,0,0,0,0,0,0,0,0,0,0,0,0,0,0.035153641091963,0,0,0,0,0.240838997888401,0,0,0,0,0.0385342396621441,0,0,0,0,1.63391519154857e-07,0,0,0,0,1.63341427236481e-07,0,0
82,0,0,0.0707692686522848,0,0,0,0,0.0707692686522848,0,0,0,0,0,0,0,0,0,1.80789746757801e-05,0,0,0,0,4.72857979147041e-05,0,0,0,0,0.0160409348987238,0,0,0,0,0.0160409348987238,0,0,0,0,0,0,0,0,0,0,0,0,0,0,0,0,0,0,0,0.0205896920808514,0,0,0,0,0.140702670988659,0,0,0,0,0.0225124273581854,0,0,0,0,9.40836927300383e-08,0,0,0,0,9.40548489278559e-08,0,0
83,0,0,0.0397704091680196,0,0,0,0,0.0397704091680196,0,0,0,0,0,0,0,0,0,1.03570280608025e-05,0,0,0,0,2.65733356683962e-05,0,0,0,0,0.0093894766479586,0,0,0,0,0.0093894766479586,0,0,0,0,0,0,0,0,0,0,0,0,0,0,0,0,0,0,0,0.0120611464403526,0,0,0,0,0.0811359516982815,0,0,0,0,0.012981752271725,0,0,0,0,5.28724830306841e-08,0,0,0,0,5.28562735963265e-08,0,0
84,0,0,0.0224444392815424,0,0,0,0,0.0224444392815424,0,0,0,0,0,0,0,0,0,6.20371160880138e-06,0,0,0,0,1.49966679094909e-05,0,0,0,0,0.00547252485747728,0,0,0,0,0.00547252485747728,0,0,0,0,0,0,0,0,0,0,0,0,0,0,0,0,0,0,0,0.00706524932096522,0,0,0,0,0.0467455911900337,0,0,0,0,0.0074792945904054,0,0,0,0,2.98385975872941e-08,0,0,0,0,2.98294497894002e-08,0,0
85,0,0,0.0146070882684209,0,0,0,0,0.0146070882684209,0,0,0,0,0,0,0,0,0,3.63404668815054e-06,0,0,0,0,9.75999663606101e-06,0,0,0,0,0.00321603743148933,0,0,0,0,0.00321603743148933,0,0,0,0,0,0,0,0,0,0,0,0,0,0,0,0,0,0,0,0.00413872331836184,0,0,0,0,0.0285209628809056,0,0,0,0,0.00456335406094489,0,0,0,0,1.94192879267842e-08,0,0,0,0,1.94133344391688e-08,0,0
86,0,0,0.00778026304430248,0,0,0,0,0.00778026304430248,0,0,0,0,0,0,0,0,0,2.12877325131003e-06,0,0,0,0,5.19852688945726e-06,0,0,0,0,0.00188220679844027,0,0,0,0,0.00188220679844027,0,0,0,0,0,0,0,0,0,0,0,0,0,0,0,0,0,0,0,0.00242440569721618,0,0,0,0,0.0161229401013777,0,0,0,0,0.00257967041622044,0,0,0,0,1.03434144729627e-08,0,0,0,0,1.03402434303272e-08,0,0
87,0,0,0.00460798044946948,0,0,0,0,0.00460798044946948,0,0,0,0,0,0,0,0,0,1.24700532061666e-06,0,0,0,0,3.07890750431666e-06,0,0,0,0,0.00110337669447884,0,0,0,0,0.00110337669447884,0,0,0,0,0,0,0,0,0,0,0,0,0,0,0,0,0,0,0,0.00142018263424789,0,0,0,0,0.00948576160692929,0,0,0,0,0.00151772185710869,0,0,0,0,6.12604630470367e-09,0,0,0,0,6.12416820593175e-09,0,0
88,0,0,0.00267392486366171,0,0,0,0,0.00267392486366171,0,0,0,0,0,0,0,0,0,7.30478113950987e-07,0,0,0,0,1.786632434531e-06,0,0,0,0,0.000646578347162916,0,0,0,0,0.000646578347162916,0,0,0,0,0,0,0,0,0,0,0,0,0,0,0,0,0,0,0,0.000831922939685878,0,0,0,0,0.00553946785532832,0,0,0,0,0.000886314856852531,0,0,0,0,3.55483008439759e-09,0,0,0,0,3.55374025880964e-09,0,0
89,0,0,0.00164690901286414,0,0,0,0,0.00164690901286414,0,0,0,0,0,0,0,0,0,4.27903767641922e-07,0,0,0,0,1.10041276742351e-06,0,0,0,0,0.000379467125498435,0,0,0,0,0.000379467125498435,0,0,0,0,0,0,0,0,0,0,0,0,0,0,0,0,0,0,0,0.000487328714550941,0,0,0,0,0.00330842238216793,0,0,0,0,0.000529347581146868,0,0,0,0,2.18947128423713e-09,0,0,0,0,2.18880004488869e-09,0,0
90,0,0,0.00102999350835469,0,0,0,0,0.00102999350835469,0,0,0,0,0,0,0,0,0,2.50659986747306e-07,0,0,0,0,6.88209244168084e-07,0,0,0,0,0.000222669775877881,0,0,0,0,0.000222669775877881,0,0,0,0,0,0,0,0,0,0,0,0,0,0,0,0,0,0,0,0.000285470281797428,0,0,0,0,0.0019885664033732,0,0,0,0,0.000318170624539712,0,0,0,0,1.36931742547898e-09,0,0,0,0,1.36889762561995e-09,0,0
91,0,0,0.000578530349696775,0,0,0,0,0.000578530349696775,0,0,0,0,0,0,0,0,0,1.46833081892229e-07,0,0,0,0,3.86555770947643e-07,0,0,0,0,0.000126721660970458,0,0,0,0,0.000126721660970458,0,0,0,0,0,0,0,0,0,0,0,0,0,0,0,0,0,0,0,0.000167224461346581,0,0,0,0,0.00112588461218893,0,0,0,0,0.000180141537950229,0,0,0,0,7.69122992118354e-10,0,0,0,0,7.68887197467923e-10,0,0
92,0,0,0.000313907829376371,0,0,0,0,0.000313907829376371,0,0,0,0,0,0,0,0,0,8.4117289598978e-08,0,0,0,0,2.09743331624147e-07,0,0,0,0,7.59475262800161e-05,0,0,0,0,7.59475262800161e-05,0,0,0,0,0,0,0,0,0,0,0,0,0,0,0,0,0,0,0,9.79577288976713e-05,0,0,0,0,0.000650468723888283,0,0,0,0,0.000104074995822125,0,0,0,0,4.17322495018412e-10,0,0,0,0,4.17194553957179e-10,0,0
93,0,0,0.000210804713780643,0,0,0,0,0.000210804713780643,0,0,0,0,0,0,0,0,0,5.03850528280738e-08,0,0,0,0,1.40853074860435e-07,0,0,0,0,4.46921514827452e-05,0,0,0,0,4.46921514827452e-05,0,0,0,0,0,0,0,0,0,0,0,0,0,0,0,0,0,0,0,5.73822548060241e-05,0,0,0,0,0.000402133242421967,0,0,0,0,6.43413187875148e-05,0,0,0,0,2.8025280315994e-10,0,0,0,0,2.80166884376559e-10,0,0
94,0,0,0.00010641781546307,0,0,0,0,0.00010641781546307,0,0,0,0,0,0,0,0,0,2.88644358994633e-08,0,0,0,0,7.11050348878875e-08,0,0,0,0,2.61119230796514e-05,0,0,0,0,2.61119230796514e-05,0,0,0,0,0,0,0,0,0,0,0,0,0,0,0,0,0,0,0,3.36137148510571e-05,0,0,0,0,0.000222520254513335,0,0,0,0,3.56032407221336e-05,0,0,0,0,1.41476395640357e-10,0,0,0,0,1.41433022372887e-10,0,0
95,0,0,6.61680044388165e-05,0,0,0,0,6.61680044388165e-05,0,0,0,0,0,0,0,0,0,1.72893840800201e-08,0,0,0,0,4.4211377987896e-08,0,0,0,0,1.53215363651444e-05,0,0,0,0,1.53215363651444e-05,0,0,0,0,0,0,0,0,0,0,0,0,0,0,0,0,0,0,0,1.96904396647996e-05,0,0,0,0,0.000133338831442898,0,0,0,0,2.13342130308637e-05,0,0,0,0,8.79665752767453e-11,0,0,0,0,8.79396068359632e-11,0,0
96,0,0,4.24383516594711e-05,0,0,0,0,4.24383516594711e-05,0,0,0,0,0,0,0,0,0,1.01278771352009e-08,0,0,0,0,2.83559708701061e-08,0,0,0,0,8.98363358904729e-06,0,0,0,0,8.98363358904729e-06,0,0,0,0,0,0,0,0,0,0,0,0,0,0,0,0,0,0,0,1.15343816031962e-05,0,0,0,0,8.08883816503813e-05,0,0,0,0,1.2942141064061e-05,0,0,0,0,5.6419359893584e-11,0,0,0,0,5.64020630719053e-11,0,0
97,0,0,2.52246208906178e-05,0,0,0,0,2.52246208906178e-05,0,0,0,0,0,0,0,0,0,5.9327674595569e-09,0,0,0,0,1.68542977569724e-08,0,0,0,0,5.2462660531127e-06,0,0,0,0,5.2462660531127e-06,0,0,0,0,0,0,0,0,0,0,0,0,0,0,0,0,0,0,0,6.75667792253454e-06,0,0,0,0,4.75633218890505e-05,0,0,0,0,7.61013150224809e-06,0,0,0,0,3.35346899339191e-11,0,0,0,0,3.35244090028179e-11,0,0
98,0,0,1.33461330962482e-05,0,0,0,0,1.33461330962482e-05,0,0,0,0,0,0,0,0,0,3.47533143020097e-09,0,0,0,0,8.91746607743927e-09,0,0,0,0,3.06951000016878e-06,0,0,0,0,3.06951000016878e-06,0,0,0,0,0,0,0,0,0,0,0,0,0,0,0,0,0,0,0,3.95796654900123e-06,0,0,0,0,2.67809024237348e-05,0,0,0,0,4.28494438779757e-06,0,0,0,0,1.77429201866009e-11,0,0,0,0,1.77374806331018e-11,0,0
99,0,0,7.86742192836956e-06,0,0,0,0,7.86742192836956e-06,0,0,0,0,0,0,0,0,0,2.03580009364547e-09,0,0,0,0,5.25676371254381e-09,0,0,0,0,1.80903496732767e-06,0,0,0,0,1.80903496732767e-06,0,0,0,0,0,0,0,0,0,0,0,0,0,0,0,0,0,0,0,2.31852093330747e-06,0,0,0,0,1.57846009741936e-05,0,0,0,0,2.52553615587098e-06,0,0,0,0,1.04592872214512e-11,0,0,0,0,1.0456080655012e-11,0,0
100,0,0,4.3003522404184e-06,0,0,0,0,4.3003522404184e-06,0,0,0,0,0,0,0,0,0,1.19254295727623e-09,0,0,0,0,2.8733600173485e-09,0,0,0,0,1.05762919918297e-06,0,0,0,0,1.05762919918297e-06,0,0,0,0,0,0,0,0,0,0,0,0,0,0,0,0,0,0,0,1.35815683423131e-06,0,0,0,0,9.00687670760648e-06,0,0,0,0,1.44110027321704e-06,0,0,0,0,5.71707220554121e-12,0,0,0,0,5.71531948841273e-12,0,0
101,0,0,2.49180751490276e-06,0,0,0,0,2.49180751490276e-06,0,0,0,0,0,0,0,0,0,6.83180384172914e-10,0,0,0,0,1.66494735406918e-09,0,0,0,0,6.16627709789726e-07,0,0,0,0,6.16627709789726e-07,0,0,0,0,0,0,0,0,0,0,0,0,0,0,0,0,0,0,0,7.95589101599279e-07,0,0,0,0,5.23884746153498e-06,0,0,0,0,8.38215593845597e-07,0,0,0,0,3.3127154913299e-12,0,0,0,0,3.31169989226543e-12,0,0
102,0,0,1.45459879142809e-06,0,0,0,0,1.45459879142809e-06,0,0,0,0,0,0,0,0,0,4.00197425197958e-10,0,0,0,0,9.71917130250303e-10,0,0,0,0,3.60407149048435e-07,0,0,0,0,3.60407149048435e-07,0,0,0,0,0,0,0,0,0,0,0,0,0,0,0,0,0,0,0,4.66044865092324e-07,0,0,0,0,3.06104284899815e-06,0,0,0,0,4.89766855839705e-07,0,0,0,0,1.93380585025711e-12,0,0,0,0,1.93321299179476e-12,0,0
103,0,0,8.83526760562187e-07,0,0,0,0,8.83526760562187e-07,0,0,0,0,0,0,0,0,0,2.34430002449453e-10,0,0,0,0,5.90344773201608e-10,0,0,0,0,2.12035318245565e-07,0,0,0,0,2.12035318245565e-07,0,0,0,0,0,0,0,0,0,0,0,0,0,0,0,0,0,0,0,2.73002503229764e-07,0,0,0,0,1.82135295623342e-06,0,0,0,0,2.91416472997347e-07,0,0,0,0,1.174598266204e-12,0,0,0,0,1.17423816256594e-12,0,0
104,0,0,6.04755448934571e-07,0,0,0,0,6.04755448934571e-07,0,0,0,0,0,0,0,0,0,1.40420216987646e-10,0,0,0,0,4.04078556847048e-10,0,0,0,0,1.24859777932771e-07,0,0,0,0,1.24859777932771e-07,0,0,0,0,0,0,0,0,0,0,0,0,0,0,0,0,0,0,0,1.59921012658197e-07,0,0,0,0,1.13532183259283e-06,0,0,0,0,1.81651493214852e-07,0,0,0,0,8.03987760760045e-13,0,0,0,0,8.03741277408302e-13,0,0
105,0,0,3.2507931529678e-07,0,0,0,0,3.2507931529678e-07,0,0,0,0,0,0,0,0,0,8.22561809239116e-11,0,0,0,0,2.17207766903744e-10,0,0,0,0,7.27873742088451e-08,0,0,0,0,7.27873742088451e-08,0,0,0,0,0,0,0,0,0,0,0,0,0,0,0,0,0,0,0,9.36794717523124e-08,0,0,0,0,6.41421401653618e-07,0,0,0,0,1.02627424264579e-07,0,0,0,0,4.32174346234197e-13,0,0,0,0,4.32041851951826e-13,0,0
106,0,0,1.82484862037332e-07,0,0,0,0,1.82484862037332e-07,0,0,0,0,0,0,0,0,0,4.71226708784949e-11,0,0,0,0,1.21930641267286e-10,0,0,0,0,4.25259864199229e-08,0,0,0,0,4.25259864199229e-08,0,0,0,0,0,0,0,0,0,0,0,0,0,0,0,0,0,0,0,5.48761121626282e-08,0,0,0,0,3.69209776039902e-07,0,0,0,0,5.90735641663844e-08,0,0,0,0,2.42603180939463e-13,0,0,0,0,2.42528804626664e-13,0,0
107,0,0,1.07356674534357e-07,0,0,0,0,1.07356674534357e-07,0,0,0,0,0,0,0,0,0,2.82258055737658e-11,0,0,0,0,7.17323509695813e-11,0,0,0,0,2.50604893162444e-08,0,0,0,0,2.50604893162444e-08,0,0,0,0,0,0,0,0,0,0,0,0,0,0,0,0,0,0,0,3.21456518675449e-08,0,0,0,0,2.17454859213309e-07,0,0,0,0,3.47927774741295e-08,0,0,0,0,1.42724555047145e-13,0,0,0,0,1.42680799123957e-13,0,0
108,0,0,6.18134387348923e-08,0,0,0,0,6.18134387348923e-08,0,0,0,0,0,0,0,0,0,1.65342784664909e-11,0,0,0,0,4.13017942405527e-11,0,0,0,0,1.46022671390733e-08,0,0,0,0,1.46022671390733e-08,0,0,0,0,0,0,0,0,0,0,0,0,0,0,0,0,0,0,0,1.88304690923991e-08,0,0,0,0,1.26149256066333e-07,0,0,0,0,2.01838809706134e-08,0,0,0,0,8.21774293739701e-14,0,0,0,0,8.21522357463823e-14,0,0
109,0,0,3.65873184783863e-08,0,0,0,0,3.65873184783863e-08,0,0,0,0,0,0,0,0,0,9.47210718560536e-12,0,0,0,0,2.4446494654485e-11,0,0,0,0,8.56491241777922e-09,0,0,0,0,8.56491241777922e-09,0,0,0,0,0,0,0,0,0,0,0,0,0,0,0,0,0,0,0,1.10306229813245e-08,0,0,0,0,7.42409788540665e-08,0,0,0,0,1.18785566166506e-08,0,0,0,0,4.86407461189075e-14,0,0,0,0,4.86258340335253e-14,0,0
110,0,0,2.22222439159727e-08,0,0,0,0,2.22222439159727e-08,0,0,0,0,0,0,0,0,0,5.54862668000564e-12,0,0,0,0,1.48482039596155e-11,0,0,0,0,5.01843533495801e-09,0,0,0,0,5.01843533495801e-09,0,0,0,0,0,0,0,0,0,0,0,0,0,0,0,0,0,0,0,6.46158323295504e-09,0,0,0,0,4.40827643814416e-08,0,0,0,0,7.05324230103066e-09,0,0,0,0,2.95432015644383e-14,0,0,0,0,2.95341443278755e-14,0,0
111,0,0,1.24338943648907e-08,0,0,0,0,1.24338943648907e-08,0,0,0,0,0,0,0,0,0,3.32354798553497e-12,0,0,0,0,8.30793686903558e-12,0,0,0,0,2.87881428059001e-09,0,0,0,0,2.87881428059001e-09,0,0,0,0,0,0,0,0,0,0,0,0,0,0,0,0,0,0,0,3.78510424543513e-09,0,0,0,0,2.5053818593247e-08,0,0,0,0,4.00861097491951e-09,0,0,0,0,1.65301509983368e-14,0,0,0,0,1.65250832507644e-14,0,0
112,0,0,7.12699557048372e-09,0,0,0,0,7.12699557048372e-09,0,0,0,0,0,0,0,0,0,1.94688749435216e-12,0,0,0,0,4.76203412445473e-12,0,0,0,0,1.71494612730174e-09,0,0,0,0,1.71494612730174e-09,0,0,0,0,0,0,0,0,0,0,0,0,0,0,0,0,0,0,0,2.21726063602201e-09,0,0,0,0,1.4717842944878e-08,0,0,0,0,2.35485487118048e-09,0,0,0,0,9.47493275133748e-15,0,0,0,0,9.47202796435431e-15,0,0
113,0,0,4.71991993069015e-09,0,0,0,0,4.71991993069015e-09,0,0,0,0,0,0,0,0,0,1.14045921171038e-12,0,0,0,0,3.15370194247434e-12,0,0,0,0,1.00945365327961e-09,0,0,0,0,1.00945365327961e-09,0,0,0,0,0,0,0,0,0,0,0,0,0,0,0,0,0,0,0,1.29883998148314e-09,0,0,0,0,9.05226823539942e-09,0,0,0,0,1.44836291766391e-09,0,0,0,0,6.27486343897802e-15,0,0,0,0,6.27293971644436e-15,0,0
114,0,0,2.58404303911585e-09,0,0,0,0,2.58404303911585e-09,0,0,0,0,0,0,0,0,0,6.68064907370452e-13,0,0,0,0,1.72657622831863e-12,0,0,0,0,5.91561304507562e-10,0,0,0,0,5.91561304507562e-10,0,0,0,0,0,0,0,0,0,0,0,0,0,0,0,0,0,0,0,7.60842126582716e-10,0,0,0,0,5.16961739318664e-09,0,0,0,0,8.27138782909863e-10,0,0,0,0,3.43533734236945e-15,0,0,0,0,3.43428415038837e-15,0,0
115,0,0,1.54687767340856e-09,0,0,0,0,1.54687767340856e-09,0,0,0,0,0,0,0,0,0,3.91342992258832e-13,0,0,0,0,1.03357497479527e-12,0,0,0,0,3.47484654247143e-10,0,0,0,0,3.47484654247143e-10,0,0,0,0,0,0,0,0,0,0,0,0,0,0,0,0,0,0,0,4.45690577619797e-10,0,0,0,0,3.05821571137407e-09,0,0,0,0,4.89314513819851e-10,0,0,0,0,2.05648534296713e-15,0,0,0,0,2.05585487391663e-15,0,0
116,0,0,8.84309822163357e-10,0,0,0,0,8.84309822163357e-10,0,0,0,0,0,0,0,0,0,2.2419138376819e-13,0,0,0,0,5.90867990317354e-13,0,0,0,0,2.03433003090571e-10,0,0,0,0,2.03433003090571e-10,0,0,0,0,0,0,0,0,0,0,0,0,0,0,0,0,0,0,0,2.61079248951751e-10,0,0,0,0,1.77469680837285e-09,0,0,0,0,2.83951489339656e-10,0,0,0,0,1.17563930179016e-15,0,0,0,0,1.17527887899557e-15,0,0
117,0,0,5.30796719145953e-10,0,0,0,0,5.30796719145953e-10,0,0,0,0,0,0,0,0,0,1.34287430902867e-13,0,0,0,0,3.54661661386452e-13,0,0,0,0,1.19078288406895e-10,0,0,0,0,1.19078288406895e-10,0,0,0,0,0,0,0,0,0,0,0,0,0,0,0,0,0,0,0,1.52936538612125e-10,0,0,0,0,1.04853813409258e-09,0,0,0,0,1.67766101454812e-10,0,0,0,0,7.05663861973907e-16,0,0,0,0,7.05447522369758e-16,0,0
118,0,0,3.01820820118153e-10,0,0,0,0,3.01820820118153e-10,0,0,0,0,0,0,0,0,0,7.86636814065406e-14,0,0,0,0,2.01667172465495e-13,0,0,0,0,6.98383900920412e-11,0,0,0,0,6.98383900920412e-11,0,0,0,0,0,0,0,0,0,0,0,0,0,0,0,0,0,0,0,8.95880654497385e-11,0,0,0,0,6.07957783927293e-10,0,0,0,0,9.72732454283669e-11,0,0,0,0,4.01253507918055e-16,0,0,0,0,4.01130493222611e-16,0,0
119,0,0,1.7775272291784e-10,0,0,0,0,1.7775272291784e-10,0,0,0,0,0,0,0,0,0,4.6080074142647e-14,0,0,0,0,1.18768774847442e-13,0,0,0,0,4.07419647298117e-11,0,0,0,0,4.07419647298117e-11,0,0,0,0,0,0,0,0,0,0,0,0,0,0,0,0,0,0,0,5.24794241053282e-11,0,0,0,0,3.55885287286819e-10,0,0,0,0,5.69416459658911e-11,0,0,0,0,2.36312072788246e-16,0,0,0,0,2.36239625178219e-16,0,0
120,0,0,1.01415533343658e-10,0,0,0,0,1.01415533343658e-10,0,0,0,0,0,0,0,0,0,2.69930569612942e-14,0,0,0,0,6.77626674180038e-14,0,0,0,0,2.39343533361008e-11,0,0,0,0,2.39343533361008e-11,0,0,0,0,0,0,0,0,0,0,0,0,0,0,0,0,0,0,0,3.07417058354946e-11,0,0,0,0,2.06843827900469e-10,0,0,0,0,3.3095012464075e-11,0,0,0,0,1.34826147830335e-16,0,0,0,0,1.34784813369238e-16,0,0
121,0,0,6.1474225373599e-11,0,0,0,0,6.1474225373599e-11,0,0,0,0,0,0,0,0,0,1.5812151730922e-14,0,0,0,0,4.10751425489703e-14,0,0,0,0,1.39953267792976e-11,0,0,0,0,1.39953267792976e-11,0,0,0,0,0,0,0,0,0,0,0,0,0,0,0,0,0,0,0,1.80080573250829e-11,0,0,0,0,1.22571512681105e-10,0,0,0,0,1.96114420289768e-11,0,0,0,0,8.17264646224386e-17,0,0,0,0,8.17014092498205e-17,0,0
122,0,0,3.77233249725178e-11,0,0,0,0,3.77233249725178e-11,0,0,0,0,0,0,0,0,0,9.26253527787591e-15,0,0,0,0,2.52055384390862e-14,0,0,0,0,8.19774511069125e-12,0,0,0,0,8.19774511069125e-12,0,0,0,0,0,0,0,0,0,0,0,0,0,0,0,0,0,0,0,1.05488657772869e-11,0,0,0,0,7.30619406182666e-11,0,0,0,0,1.16899104989227e-11,0,0,0,0,5.01510017421263e-17,0,0,0,0,5.01356266486162e-17,0,0
123,0,0,2.11148096235688e-11,0,0,0,0,2.11148096235688e-11,0,0,0,0,0,0,0,0,0,5.42586241479816e-15,0,0,0,0,1.41082512209244e-14,0,0,0,0,4.78941530170587e-12,0,0,0,0,4.78941530170587e-12,0,0,0,0,0,0,0,0,0,0,0,0,0,0,0,0,0,0,0,6.17937666336828e-12,0,0,0,0,4.19999726598169e-11,0,0,0,0,6.71999562557071e-12,0,0,0,0,2.80709310483027e-17,0,0,0,0,2.80623251745457e-17,0,0
124,0,0,1.31642173108047e-11,0,0,0,0,1.31642173108047e-11,0,0,0,0,0,0,0,0,0,3.17839361050947e-15,0,0,0,0,8.79591567524083e-15,0,0,0,0,2.81793563304107e-12,0,0,0,0,2.81793563304107e-12,0,0,0,0,0,0,0,0,0,0,0,0,0,0,0,0,0,0,0,3.61979162063063e-12,0,0,0,0,2.52618821301697e-11,0,0,0,0,4.04190114082715e-12,0,0,0,0,1.75010735604262e-17,0,0,0,0,1.74957081512984e-17,0,0
125,0,0,7.49843915024406e-12,0,0,0,0,7.49843915024406e-12,0,0,0,0,0,0,0,0,0,1.86185811047759e-15,0,0,0,0,5.01022103359971e-15,0,0,0,0,1.64821602136699e-12,0,0,0,0,1.64821602136699e-12,0,0,0,0,0,0,0,0,0,0,0,0,0,0,0,0,0,0,0,2.120422833983e-12,0,0,0,0,1.46260155760236e-11,0,0,0,0,2.34016249216377e-12,0,0,0,0,9.9687457338684e-18,0,0,0,0,9.96568955567629e-18,0,0
126,0,0,4.16444115610025e-12,0,0,0,0,4.16444115610025e-12,0,0,0,0,0,0,0,0,0,1.06661561449891e-15,0,0,0,0,2.78254850848562e-15,0,0,0,0,9.65853291122967e-13,0,0,0,0,9.65853291122967e-13,0,0,0,0,0,0,0,0,0,0,0,0,0,0,0,0,0,0,0,1.24211376402191e-12,0,0,0,0,8.4008214439165e-12,0,0,0,0,1.34413143102664e-12,0,0,0,0,5.53638619678192e-18,0,0,0,0,5.53468887364725e-18,0,0
127,0,0,2.54368691647193e-12,0,0,0,0,2.54368691647193e-12,0,0,0,0,0,0,0,0,0,6.3888749078797e-16,0,0,0,0,1.69961153734044e-15,0,0,0,0,5.63642479628833e-13,0,0,0,0,5.63642479628833e-13,0,0,0,0,0,0,0,0,0,0,0,0,0,0,0,0,0,0,0,7.27612709147538e-13,0,0,0,0,4.98632530578407e-12,0,0,0,0,7.97812048925451e-13,0,0,0,0,3.38168618679144e-18,0,0,0,0,3.38064944296703e-18,0,0
128,0,0,1.41827598113618e-12,0,0,0,0,1.41827598113618e-12,0,0,0,0,0,0,0,0,0,3.6600392357916e-16,0,0,0,0,9.47647371640869e-16,0,0,0,0,3.3063611085667e-13,0,0,0,0,3.3063611085667e-13,0,0,0,0,0,0,0,0,0,0,0,0,0,0,0,0,0,0,0,4.26225253956436e-13,0,0,0,0,2.87040537832505e-12,0,0,0,0,4.59264860532009e-13,0,0,0,0,1.885516752635e-18,0,0,0,0,1.88493869845105e-18,0,0
129,0,0,8.46541417304912e-13,0,0,0,0,8.46541417304912e-13,0,0,0,0,0,0,0,0,0,2.19231113041502e-16,0,0,0,0,5.6563233091734e-16,0,0,0,0,1.94146732979601e-13,0,0,0,0,1.94146732979601e-13,0,0,0,0,0,0,0,0,0,0,0,0,0,0,0,0,0,0,0,2.49676737124435e-13,0,0,0,0,1.69550768674632e-12,0,0,0,0,2.71281229879411e-13,0,0,0,0,1.1254283689195e-18,0,0,0,0,1.12508333959187e-18,0,0
130,0,0,4.59490978511727e-13,0,0,0,0,4.59490978511727e-13,0,0,0,0,0,0,0,0,0,1.25592453602203e-16,0,0,0,0,3.07017409778385e-16,0,0,0,0,1.13912565654774e-13,0,0,0,0,1.13912565654774e-13,0,0,0,0,0,0,0,0,0,0,0,0,0,0,0,0,0,0,0,1.46257108142812e-13,0,0,0,0,9.67213063933482e-13,0,0,0,0,1.54754090229357e-13,0,0,0,0,6.10866960444789e-19,0,0,0,0,6.10679683295524e-19,0,0
131,0,0,2.54356369636825e-13,0,0,0,0,2.54356369636825e-13,0,0,0,0,0,0,0,0,0,7.35702864430815e-17,0,0,0,0,1.6995292055454e-16,0,0,0,0,6.48567704832878e-14,0,0,0,0,6.48567704832878e-14,0,0,0,0,0,0,0,0,0,0,0,0,0,0,0,0,0,0,0,8.56753493684008e-14,0,0,0,0,5.45238600663496e-13,0,0,0,0,8.72381761061593e-14,0,0,0,0,3.38152237271516e-19,0,0,0,0,3.38048567911222e-19,0,0
132,0,0,1.76695977955029e-13,0,0,0,0,1.76695977955029e-13,0,0,0,0,0,0,0,0,0,4.406754885569e-17,0,0,0,0,1.18062691123384e-16,0,0,0,0,3.90600827521152e-14,0,0,0,0,3.90600827521152e-14,0,0,0,0,0,0,0,0,0,0,0,0,0,0,0,0,0,0,0,5.01874102572175e-14,0,0,0,0,3.45859944422673e-13,0,0,0,0,5.53375911076277e-14,0,0,0,0,2.34907190834985e-19,0,0,0,0,2.34835173928047e-19,0,0
133,0,0,1.0092189949758e-13,0,0,0,0,1.0092189949758e-13,0,0,0,0,0,0,0,0,0,2.58141480572263e-17,0,0,0,0,6.74328368187337e-17,0,0,0,0,2.29196713248719e-14,0,0,0,0,2.29196713248719e-14,0,0,0,0,0,0,0,0,0,0,0,0,0,0,0,0,0,0,0,2.93990764775947e-14,0,0,0,0,2.00893744738684e-13,0,0,0,0,3.21429991581895e-14,0,0,0,0,1.3416988988137e-19,0,0,0,0,1.34128756613209e-19,0,0
134,0,0,5.8695966817564e-14,0,0,0,0,5.8695966817564e-14,0,0,0,0,0,0,0,0,0,1.51215635365287e-17,0,0,0,0,3.92187976250042e-17,0,0,0,0,1.32948191289703e-14,0,0,0,0,1.32948191289703e-14,0,0,0,0,0,0,0,0,0,0,0,0,0,0,0,0,0,0,0,1.72215639999309e-14,0,0,0,0,1.16656252670226e-13,0,0,0,0,1.86650004272362e-14,0,0,0,0,7.80329288647795e-20,0,0,0,0,7.80090058415799e-20,0,0
135,0,0,3.29633963212458e-14,0,0,0,0,3.29633963212458e-14,0,0,0,0,0,0,0,0,0,8.36957166658496e-18,0,0,0,0,2.20251039287574e-17,0,0,0,0,7.42813391426632e-15,0,0,0,0,7.42813391426632e-15,0,0,0,0,0,0,0,0,0,0,0,0,0,0,0,0,0,0,0,9.53189223851846e-15,0,0,0,0,6.53064764963619e-14,0,0,0,0,1.04490362394179e-14,0,0,0,0,4.38229489987308e-20,0,0,0,0,4.38095139343186e-20,0,0
136,0,0,1.87871982951843e-14,0,0,0,0,1.87871982951843e-14,0,0,0,0,0,0,0,0,0,4.79473477383156e-18,0,0,0,0,1.25530145907602e-17,0,0,0,0,4.34956111601494e-15,0,0,0,0,4.34956111601494e-15,0,0,0,0,0,0,0,0,0,0,0,0,0,0,0,0,0,0,0,5.58364792006965e-15,0,0,0,0,3.78572673957606e-14,0,0,0,0,6.0571627833217e-15,0,0,0,0,2.49765049904236e-20,0,0,0,0,2.49688477934297e-20,0,0
137,0,0,1.16987843388643e-14,0,0,0,0,1.16987843388643e-14,0,0,0,0,0,0,0,0,0,2.87197752124245e-18,0,0,0,0,7.81675948656825e-18,0,0,0,0,2.54943197139269e-15,0,0,0,0,2.54943197139269e-15,0,0,0,0,0,0,0,0,0,0,0,0,0,0,0,0,0,0,0,3.27082213217971e-15,0,0,0,0,2.269809264144e-14,0,0,0,0,3.6316948226304e-15,0,0,0,0,1.55528642871903e-20,0,0,0,0,1.55480961522686e-20,0,0
138,0,0,7.06501472905737e-15,0,0,0,0,7.06501472905737e-15,0,0,0,0,0,0,0,0,0,1.68236389078867e-18,0,0,0,0,4.72062047700459e-18,0,0,0,0,1.48569864273144e-15,0,0,0,0,1.48569864273144e-15,0,0,0,0,0,0,0,0,0,0,0,0,0,0,0,0,0,0,0,1.91600143374068e-15,0,0,0,0,1.34107798735594e-14,0,0,0,0,2.14572477976951e-15,0,0,0,0,9.39253276966524e-21,0,0,0,0,9.38965324453885e-21,0,0
139,0,0,3.85372766287362e-15,0,0,0,0,3.85372766287362e-15,0,0,0,0,0,0,0,0,0,9.85505018787595e-19,0,0,0,0,2.57493953173789e-18,0,0,0,0,8.72116061014888e-16,0,0,0,0,8.72116061014888e-16,0,0,0,0,0,0,0,0,0,0,0,0,0,0,0,0,0,0,0,1.12236659339525e-15,0,0,0,0,7.65416504082915e-15,0,0,0,0,1.22466640653266e-15,0,0,0,0,5.12331038887095e-21,0,0,0,0,5.12173970486517e-21,0,0
140,0,0,2.22745332850516e-15,0,0,0,0,2.22745332850516e-15,0,0,0,0,0,0,0,0,0,5.7729492850696e-19,0,0,0,0,1.48831420702734e-18,0,0,0,0,5.11515974131754e-16,0,0,0,0,5.11515974131754e-16,0,0,0,0,0,0,0,0,0,0,0,0,0,0,0,0,0,0,0,6.57466506958867e-16,0,0,0,0,4.4650028533795e-15,0,0,0,0,7.14400456540721e-16,0,0,0,0,2.96127172882426e-21,0,0,0,0,2.96036387398273e-21,0,0
141,0,0,1.33787473715768e-15,0,0,0,0,1.33787473715768e-15,0,0,0,0,0,0,0,0,0,3.38171219959749e-19,0,0,0,0,8.93925790970901e-19,0,0,0,0,2.99901757725086e-16,0,0,0,0,2.99901757725086e-16,0,0,0,0,0,0,0,0,0,0,0,0,0,0,0,0,0,0,0,3.85134598905931e-16,0,0,0,0,2.64163132529097e-15,0,0,0,0,4.22661012046555e-16,0,0,0,0,1.77862789992192e-21,0,0,0,0,1.77808261529488e-21,0,0
142,0,0,7.87304429095125e-16,0,0,0,0,7.87304429095125e-16,0,0,0,0,0,0,0,0,0,2.02559721834085e-19,0,0,0,0,5.26052039826211e-19,0,0,0,0,1.75116042584774e-16,0,0,0,0,1.75116042584774e-16,0,0,0,0,0,0,0,0,0,0,0,0,0,0,0,0,0,0,0,2.25606411436121e-16,0,0,0,0,1.54714762802794e-15,0,0,0,0,2.47543620484471e-16,0,0,0,0,1.04667618307502e-21,0,0,0,0,1.04635529727751e-21,0,0
143,0,0,2.90602099644619e-17,0,0,0,0,2.90602099644619e-17,0,0,0,0,0,0,0,0,0,8.31632883419074e-20,0,0,0,0,1.94171176544164e-20,0,0,0,0,4.9951455697167e-17,0,0,0,0,4.9951455697167e-17,0,0,0,0,0,0,0,0,0,0,0,0,0,0,0,0,0,0,0,1.32157051134001e-16,0,0,0,0,2.96224721596903e-16,0,0,0,0,4.73959554555046e-17,0,0,0,0,3.86338861067001e-23,0,0,0,0,3.8622041884433e-23,0,0
144,0,0,0,0,0,0,0,0,0,0,0,0,0,0,0,0,0,0,0,0,0,0,0,0,0,0,0,0,0,0,0,0,0,0,0,0,0,0,0,0,0,0,0,0,0,0,0,0,0,0,0,0,0,0,0,0,0,0,0,0,0,0,0,0,0,0,0,0,0,0,0,0,0,0,0
145,0,0,0,0,0,0,0,0,0,0,0,0,0,0,0,0,0,0,0,0,0,0,0,0,0,0,0,0,0,0,0,0,0,0,0,0,0,0,0,0,0,0,0,0,0,0,0,0,0,0,0,0,0,0,0,0,0,0,0,0,0,0,0,0,0,0,0,0,0,0,0,0,0,0,0
146,0,0,0,0,0,0,0,0,0,0,0,0,0,0,0,0,0,0,0,0,0,0,0,0,0,0,0,0,0,0,0,0,0,0,0,0,0,0,0,0,0,0,0,0,0,0,0,0,0,0,0,0,0,0,0,0,0,0,0,0,0,0,0,0,0,0,0,0,0,0,0,0,0,0,0
147,0,0,0,0,0,0,0,0,0,0,0,0,0,0,0,0,0,0,0,0,0,0,0,0,0,0,0,0,0,0,0,0,0,0,0,0,0,0,0,0,0,0,0,0,0,0,0,0,0,0,0,0,0,0,0,0,0,0,0,0,0,0,0,0,0,0,0,0,0,0,0,0,0,0,0
148,0,0,0,0,0,0,0,0,0,0,0,0,0,0,0,0,0,0,0,0,0,0,0,0,0,0,0,0,0,0,0,0,0,0,0,0,0,0,0,0,0,0,0,0,0,0,0,0,0,0,0,0,0,0,0,0,0,0,0,0,0,0,0,0,0,0,0,0,0,0,0,0,0,0,0
149,0,0,0,0,0,0,0,0,0,0,0,0,0,0,0,0,0,0,0,0,0,0,0,0,0,0,0,0,0,0,0,0,0,0,0,0,0,0,0,0,0,0,0,0,0,0,0,0,0,0,0,0,0,0,0,0,0,0,0,0,0,0,0,0,0,0,0,0,0,0,0,0,0,0,0
150,0,0,0,0,0,0,0,0,0,0,0,0,0,0,0,0,0,0,0,0,0,0,0,0,0,0,0,0,0,0,0,0,0,0,0,0,0,0,0,0,0,0,0,0,0,0,0,0,0,0,0,0,0,0,0,0,0,0,0,0,0,0,0,0,0,0,0,0,0,0,0,0,0,0,0
151,0,0,0,0,0,0,0,0,0,0,0,0,0,0,0,0,0,0,0,0,0,0,0,0,0,0,0,0,0,0,0,0,0,0,0,0,0,0,0,0,0,0,0,0,0,0,0,0,0,0,0,0,0,0,0,0,0,0,0,0,0,0,0,0,0,0,0,0,0,0,0,0,0,0,0
152,0,0,0,0,0,0,0,0,0,0,0,0,0,0,0,0,0,0,0,0,0,0,0,0,0,0,0,0,0,0,0,0,0,0,0,0,0,0,0,0,0,0,0,0,0,0,0,0,0,0,0,0,0,0,0,0,0,0,0,0,0,0,0,0,0,0,0,0,0,0,0,0,0,0,0
153,0,0,0,0,0,0,0,0,0,0,0,0,0,0,0,0,0,0,0,0,0,0,0,0,0,0,0,0,0,0,0,0,0,0,0,0,0,0,0,0,0,0,0,0,0,0,0,0,0,0,0,0,0,0,0,0,0,0,0,0,0,0,0,0,0,0,0,0,0,0,0,0,0,0,0
154,0,0,0,0,0,0,0,0,0,0,0,0,0,0,0,0,0,0,0,0,0,0,0,0,0,0,0,0,0,0,0,0,0,0,0,0,0,0,0,0,0,0,0,0,0,0,0,0,0,0,0,0,0,0,0,0,0,0,0,0,0,0,0,0,0,0,0,0,0,0,0,0,0,0,0
155,0,0,0,0,0,0,0,0,0,0,0,0,0,0,0,0,0,0,0,0,0,0,0,0,0,0,0,0,0,0,0,0,0,0,0,0,0,0,0,0,0,0,0,0,0,0,0,0,0,0,0,0,0,0,0,0,0,0,0,0,0,0,0,0,0,0,0,0,0,0,0,0,0,0,0
156,0,0,0,0,0,0,0,0,0,0,0,0,0,0,0,0,0,0,0,0,0,0,0,0,0,0,0,0,0,0,0,0,0,0,0,0,0,0,0,0,0,0,0,0,0,0,0,0,0,0,0,0,0,0,0,0,0,0,0,0,0,0,0,0,0,0,0,0,0,0,0,0,0,0,0
157,0,0,0,0,0,0,0,0,0,0,0,0,0,0,0,0,0,0,0,0,0,0,0,0,0,0,0,0,0,0,0,0,0,0,0,0,0,0,0,0,0,0,0,0,0,0,0,0,0,0,0,0,0,0,0,0,0,0,0,0,0,0,0,0,0,0,0,0,0,0,0,0,0,0,0
158,0,0,0,0,0,0,0,0,0,0,0,0,0,0,0,0,0,0,0,0,0,0,0,0,0,0,0,0,0,0,0,0,0,0,0,0,0,0,0,0,0,0,0,0,0,0,0,0,0,0,0,0,0,0,0,0,0,0,0,0,0,0,0,0,0,0,0,0,0,0,0,0,0,0,0
159,0,0,0,0,0,0,0,0,0,0,0,0,0,0,0,0,0,0,0,0,0,0,0,0,0,0,0,0,0,0,0,0,0,0,0,0,0,0,0,0,0,0,0,0,0,0,0,0,0,0,0,0,0,0,0,0,0,0,0,0,0,0,0,0,0,0,0,0,0,0,0,0,0,0,0
160,0,0,0,0,0,0,0,0,0,0,0,0,0,0,0,0,0,0,0,0,0,0,0,0,0,0,0,0,0,0,0,0,0,0,0,0,0,0,0,0,0,0,0,0,0,0,0,0,0,0,0,0,0,0,0,0,0,0,0,0,0,0,0,0,0,0,0,0,0,0,0,0,0,0,0
161,0,0,0,0,0,0,0,0,0,0,0,0,0,0,0,0,0,0,0,0,0,0,0,0,0,0,0,0,0,0,0,0,0,0,0,0,0,0,0,0,0,0,0,0,0,0,0,0,0,0,0,0,0,0,0,0,0,0,0,0,0,0,0,0,0,0,0,0,0,0,0,0,0,0,0
162,0,0,0,0,0,0,0,0,0,0,0,0,0,0,0,0,0,0,0,0,0,0,0,0,0,0,0,0,0,0,0,0,0,0,0,0,0,0,0,0,0,0,0,0,0,0,0,0,0,0,0,0,0,0,0,0,0,0,0,0,0,0,0,0,0,0,0,0,0,0,0,0,0,0,0
163,0,0,0,0,0,0,0,0,0,0,0,0,0,0,0,0,0,0,0,0,0,0,0,0,0,0,0,0,0,0,0,0,0,0,0,0,0,0,0,0,0,0,0,0,0,0,0,0,0,0,0,0,0,0,0,0,0,0,0,0,0,0,0,0,0,0,0,0,0,0,0,0,0,0,0
164,0,0,0,0,0,0,0,0,0,0,0,0,0,0,0,0,0,0,0,0,0,0,0,0,0,0,0,0,0,0,0,0,0,0,0,0,0,0,0,0,0,0,0,0,0,0,0,0,0,0,0,0,0,0,0,0,0,0,0,0,0,0,0,0,0,0,0,0,0,0,0,0,0,0,0
165,0,0,0,0,0,0,0,0,0,0,0,0,0,0,0,0,0,0,0,0,0,0,0,0,0,0,0,0,0,0,0,0,0,0,0,0,0,0,0,0,0,0,0,0,0,0,0,0,0,0,0,0,0,0,0,0,0,0,0,0,0,0,0,0,0,0,0,0,0,0,0,0,0,0,0
166,0,0,0,0,0,0,0,0,0,0,0,0,0,0,0,0,0,0,0,0,0,0,0,0,0,0,0,0,0,0,0,0,0,0,0,0,0,0,0,0,0,0,0,0,0,0,0,0,0,0,0,0,0,0,0,0,0,0,0,0,0,0,0,0,0,0,0,0,0,0,0,0,0,0,0
167,0,0,0,0,0,0,0,0,0,0,0,0,0,0,0,0,0,0,0,0,0,0,0,0,0,0,0,0,0,0,0,0,0,0,0,0,0,0,0,0,0,0,0,0,0,0,0,0,0,0,0,0,0,0,0,0,0,0,0,0,0,0,0,0,0,0,0,0,0,0,0,0,0,0,0
168,0,0,0,0,0,0,0,0,0,0,0,0,0,0,0,0,0,0,0,0,0,0,0,0,0,0,0,0,0,0,0,0,0,0,0,0,0,0,0,0,0,0,0,0,0,0,0,0,0,0,0,0,0,0,0,0,0,0,0,0,0,0,0,0,0,0,0,0,0,0,0,0,0,0,0
169,0,0,0,0,0,0,0,0,0,0,0,0,0,0,0,0,0,0,0,0,0,0,0,0,0,0,0,0,0,0,0,0,0,0,0,0,0,0,0,0,0,0,0,0,0,0,0,0,0,0,0,0,0,0,0,0,0,0,0,0,0,0,0,0,0,0,0,0,0,0,0,0,0,0,0
170,0,0,0,0,0,0,0,0,0,0,0,0,0,0,0,0,0,0,0,0,0,0,0,0,0,0,0,0,0,0,0,0,0,0,0,0,0,0,0,0,0,0,0,0,0,0,0,0,0,0,0,0,0,0,0,0,0,0,0,0,0,0,0,0,0,0,0,0,0,0,0,0,0,0,0
171,0,0,0,0,0,0,0,0,0,0,0,0,0,0,0,0,0,0,0,0,0,0,0,0,0,0,0,0,0,0,0,0,0,0,0,0,0,0,0,0,0,0,0,0,0,0,0,0,0,0,0,0,0,0,0,0,0,0,0,0,0,0,0,0,0,0,0,0,0,0,0,0,0,0,0
172,0,0,0,0,0,0,0,0,0,0,0,0,0,0,0,0,0,0,0,0,0,0,0,0,0,0,0,0,0,0,0,0,0,0,0,0,0,0,0,0,0,0,0,0,0,0,0,0,0,0,0,0,0,0,0,0,0,0,0,0,0,0,0,0,0,0,0,0,0,0,0,0,0,0,0
173,0,0,0,0,0,0,0,0,0,0,0,0,0,0,0,0,0,0,0,0,0,0,0,0,0,0,0,0,0,0,0,0,0,0,0,0,0,0,0,0,0,0,0,0,0,0,0,0,0,0,0,0,0,0,0,0,0,0,0,0,0,0,0,0,0,0,0,0,0,0,0,0,0,0,0
174,0,0,0,0,0,0,0,0,0,0,0,0,0,0,0,0,0,0,0,0,0,0,0,0,0,0,0,0,0,0,0,0,0,0,0,0,0,0,0,0,0,0,0,0,0,0,0,0,0,0,0,0,0,0,0,0,0,0,0,0,0,0,0,0,0,0,0,0,0,0,0,0,0,0,0
175,0,0,0,0,0,0,0,0,0,0,0,0,0,0,0,0,0,0,0,0,0,0,0,0,0,0,0,0,0,0,0,0,0,0,0,0,0,0,0,0,0,0,0,0,0,0,0,0,0,0,0,0,0,0,0,0,0,0,0,0,0,0,0,0,0,0,0,0,0,0,0,0,0,0,0
176,0,0,0,0,0,0,0,0,0,0,0,0,0,0,0,0,0,0,0,0,0,0,0,0,0,0,0,0,0,0,0,0,0,0,0,0,0,0,0,0,0,0,0,0,0,0,0,0,0,0,0,0,0,0,0,0,0,0,0,0,0,0,0,0,0,0,0,0,0,0,0,0,0,0,0
177,0,0,0,0,0,0,0,0,0,0,0,0,0,0,0,0,0,0,0,0,0,0,0,0,0,0,0,0,0,0,0,0,0,0,0,0,0,0,0,0,0,0,0,0,0,0,0,0,0,0,0,0,0,0,0,0,0,0,0,0,0,0,0,0,0,0,0,0,0,0,0,0,0,0,0
178,0,0,0,0,0,0,0,0,0,0,0,0,0,0,0,0,0,0,0,0,0,0,0,0,0,0,0,0,0,0,0,0,0,0,0,0,0,0,0,0,0,0,0,0,0,0,0,0,0,0,0,0,0,0,0,0,0,0,0,0,0,0,0,0,0,0,0,0,0,0,0,0,0,0,0
179,0,0,0,0,0,0,0,0,0,0,0,0,0,0,0,0,0,0,0,0,0,0,0,0,0,0,0,0,0,0,0,0,0,0,0,0,0,0,0,0,0,0,0,0,0,0,0,0,0,0,0,0,0,0,0,0,0,0,0,0,0,0,0,0,0,0,0,0,0,0,0,0,0,0,0
180,0,0,0,0,0,0,0,0,0,0,0,0,0,0,0,0,0,0,0,0,0,0,0,0,0,0,0,0,0,0,0,0,0,0,0,0,0,0,0,0,0,0,0,0,0,0,0,0,0,0,0,0,0,0,0,0,0,0,0,0,0,0,0,0,0,0,0,0,0,0,0,0,0,0,0
181,0,0,0,0,0,0,0,0,0,0,0,0,0,0,0,0,0,0,0,0,0,0,0,0,0,0,0,0,0,0,0,0,0,0,0,0,0,0,0,0,0,0,0,0,0,0,0,0,0,0,0,0,0,0,0,0,0,0,0,0,0,0,0,0,0,0,0,0,0,0,0,0,0,0,0
182,0,0,0,0,0,0,0,0,0,0,0,0,0,0,0,0,0,0,0,0,0,0,0,0,0,0,0,0,0,0,0,0,0,0,0,0,0,0,0,0,0,0,0,0,0,0,0,0,0,0,0,0,0,0,0,0,0,0,0,0,0,0,0,0,0,0,0,0,0,0,0,0,0,0,0
183,0,0,0,0,0,0,0,0,0,0,0,0,0,0,0,0,0,0,0,0,0,0,0,0,0,0,0,0,0,0,0,0,0,0,0,0,0,0,0,0,0,0,0,0,0,0,0,0,0,0,0,0,0,0,0,0,0,0,0,0,0,0,0,0,0,0,0,0,0,0,0,0,0,0,0
184,0,0,0,0,0,0,0,0,0,0,0,0,0,0,0,0,0,0,0,0,0,0,0,0,0,0,0,0,0,0,0,0,0,0,0,0,0,0,0,0,0,0,0,0,0,0,0,0,0,0,0,0,0,0,0,0,0,0,0,0,0,0,0,0,0,0,0,0,0,0,0,0,0,0,0
185,0,0,0,0,0,0,0,0,0,0,0,0,0,0,0,0,0,0,0,0,0,0,0,0,0,0,0,0,0,0,0,0,0,0,0,0,0,0,0,0,0,0,0,0,0,0,0,0,0,0,0,0,0,0,0,0,0,0,0,0,0,0,0,0,0,0,0,0,0,0,0,0,0,0,0
186,0,0,0,0,0,0,0,0,0,0,0,0,0,0,0,0,0,0,0,0,0,0,0,0,0,0,0,0,0,0,0,0,0,0,0,0,0,0,0,0,0,0,0,0,0,0,0,0,0,0,0,0,0,0,0,0,0,0,0,0,0,0,0,0,0,0,0,0,0,0,0,0,0,0,0
187,0,0,0,0,0,0,0,0,0,0,0,0,0,0,0,0,0,0,0,0,0,0,0,0,0,0,0,0,0,0,0,0,0,0,0,0,0,0,0,0,0,0,0,0,0,0,0,0,0,0,0,0,0,0,0,0,0,0,0,0,0,0,0,0,0,0,0,0,0,0,0,0,0,0,0
188,0,0,0,0,0,0,0,0,0,0,0,0,0,0,0,0,0,0,0,0,0,0,0,0,0,0,0,0,0,0,0,0,0,0,0,0,0,0,0,0,0,0,0,0,0,0,0,0,0,0,0,0,0,0,0,0,0,0,0,0,0,0,0,0,0,0,0,0,0,0,0,0,0,0,0
189,0,0,0,0,0,0,0,0,0,0,0,0,0,0,0,0,0,0,0,0,0,0,0,0,0,0,0,0,0,0,0,0,0,0,0,0,0,0,0,0,0,0,0,0,0,0,0,0,0,0,0,0,0,0,0,0,0,0,0,0,0,0,0,0,0,0,0,0,0,0,0,0,0,0,0
190,0,0,0,0,0,0,0,0,0,0,0,0,0,0,0,0,0,0,0,0,0,0,0,0,0,0,0,0,0,0,0,0,0,0,0,0,0,0,0,0,0,0,0,0,0,0,0,0,0,0,0,0,0,0,0,0,0,0,0,0,0,0,0,0,0,0,0,0,0,0,0,0,0,0,0
191,0,0,0,0,0,0,0,0,0,0,0,0,0,0,0,0,0,0,0,0,0,0,0,0,0,0,0,0,0,0,0,0,0,0,0,0,0,0,0,0,0,0,0,0,0,0,0,0,0,0,0,0,0,0,0,0,0,0,0,0,0,0,0,0,0,0,0,0,0,0,0,0,0,0,0
192,0,0,0,0,0,0,0,0,0,0,0,0,0,0,0,0,0,0,0,0,0,0,0,0,0,0,0,0,0,0,0,0,0,0,0,0,0,0,0,0,0,0,0,0,0,0,0,0,0,0,0,0,0,0,0,0,0,0,0,0,0,0,0,0,0,0,0,0,0,0,0,0,0,0,0
193,0,0,0,0,0,0,0,0,0,0,0,0,0,0,0,0,0,0,0,0,0,0,0,0,0,0,0,0,0,0,0,0,0,0,0,0,0,0,0,0,0,0,0,0,0,0,0,0,0,0,0,0,0,0,0,0,0,0,0,0,0,0,0,0,0,0,0,0,0,0,0,0,0,0,0
194,0,0,0,0,0,0,0,0,0,0,0,0,0,0,0,0,0,0,0,0,0,0,0,0,0,0,0,0,0,0,0,0,0,0,0,0,0,0,0,0,0,0,0,0,0,0,0,0,0,0,0,0,0,0,0,0,0,0,0,0,0,0,0,0,0,0,0,0,0,0,0,0,0,0,0
195,0,0,0,0,0,0,0,0,0,0,0,0,0,0,0,0,0,0,0,0,0,0,0,0,0,0,0,0,0,0,0,0,0,0,0,0,0,0,0,0,0,0,0,0,0,0,0,0,0,0,0,0,0,0,0,0,0,0,0,0,0,0,0,0,0,0,0,0,0,0,0,0,0,0,0
196,0,0,0,0,0,0,0,0,0,0,0,0,0,0,0,0,0,0,0,0,0,0,0,0,0,0,0,0,0,0,0,0,0,0,0,0,0,0,0,0,0,0,0,0,0,0,0,0,0,0,0,0,0,0,0,0,0,0,0,0,0,0,0,0,0,0,0,0,0,0,0,0,0,0,0
197,0,0,0,0,0,0,0,0,0,0,0,0,0,0,0,0,0,0,0,0,0,0,0,0,0,0,0,0,0,0,0,0,0,0,0,0,0,0,0,0,0,0,0,0,0,0,0,0,0,0,0,0,0,0,0,0,0,0,0,0,0,0,0,0,0,0,0,0,0,0,0,0,0,0,0
198,0,0,0,0,0,0,0,0,0,0,0,0,0,0,0,0,0,0,0,0,0,0,0,0,0,0,0,0,0,0,0,0,0,0,0,0,0,0,0,0,0,0,0,0,0,0,0,0,0,0,0,0,0,0,0,0,0,0,0,0,0,0,0,0,0,0,0,0,0,0,0,0,0,0,0
199,0,0,0,0,0,0,0,0,0,0,0,0,0,0,0,0,0,0,0,0,0,0,0,0,0,0,0,0,0,0,0,0,0,0,0,0,0,0,0,0,0,0,0,0,0,0,0,0,0,0,0,0,0,0,0,0,0,0,0,0,0,0,0,0,0,0,0,0,0,0,0,0,0,0,0
200,0,0,0,0,0,0,0,0,0,0,0,0,0,0,0,0,0,0,0,0,0,0,0,0,0,0,0,0,0,0,0,0,0,0,0,0,0,0,0,0,0,0,0,0,0,0,0,0,0,0,0,0,0,0,0,0,0,0,0,0,0,0,0,0,0,0,0,0,0,0,0,0,0,0,0
201,0,0,0,0,0,0,0,0,0,0,0,0,0,0,0,0,0,0,0,0,0,0,0,0,0,0,0,0,0,0,0,0,0,0,0,0,0,0,0,0,0,0,0,0,0,0,0,0,0,0,0,0,0,0,0,0,0,0,0,0,0,0,0,0,0,0,0,0,0,0,0,0,0,0,0
202,0,0,0,0,0,0,0,0,0,0,0,0,0,0,0,0,0,0,0,0,0,0,0,0,0,0,0,0,0,0,0,0,0,0,0,0,0,0,0,0,0,0,0,0,0,0,0,0,0,0,0,0,0,0,0,0,0,0,0,0,0,0,0,0,0,0,0,0,0,0,0,0,0,0,0
203,0,0,0,0,0,0,0,0,0,0,0,0,0,0,0,0,0,0,0,0,0,0,0,0,0,0,0,0,0,0,0,0,0,0,0,0,0,0,0,0,0,0,0,0,0,0,0,0,0,0,0,0,0,0,0,0,0,0,0,0,0,0,0,0,0,0,0,0,0,0,0,0,0,0,0
204,0,0,0,0,0,0,0,0,0,0,0,0,0,0,0,0,0,0,0,0,0,0,0,0,0,0,0,0,0,0,0,0,0,0,0,0,0,0,0,0,0,0,0,0,0,0,0,0,0,0,0,0,0,0,0,0,0,0,0,0,0,0,0,0,0,0,0,0,0,0,0,0,0,0,0
205,0,0,0,0,0,0,0,0,0,0,0,0,0,0,0,0,0,0,0,0,0,0,0,0,0,0,0,0,0,0,0,0,0,0,0,0,0,0,0,0,0,0,0,0,0,0,0,0,0,0,0,0,0,0,0,0,0,0,0,0,0,0,0,0,0,0,0,0,0,0,0,0,0,0,0
206,0,0,0,0,0,0,0,0,0,0,0,0,0,0,0,0,0,0,0,0,0,0,0,0,0,0,0,0,0,0,0,0,0,0,0,0,0,0,0,0,0,0,0,0,0,0,0,0,0,0,0,0,0,0,0,0,0,0,0,0,0,0,0,0,0,0,0,0,0,0,0,0,0,0,0
207,0,0,0,0,0,0,0,0,0,0,0,0,0,0,0,0,0,0,0,0,0,0,0,0,0,0,0,0,0,0,0,0,0,0,0,0,0,0,0,0,0,0,0,0,0,0,0,0,0,0,0,0,0,0,0,0,0,0,0,0,0,0,0,0,0,0,0,0,0,0,0,0,0,0,0
208,0,0,0,0,0,0,0,0,0,0,0,0,0,0,0,0,0,0,0,0,0,0,0,0,0,0,0,0,0,0,0,0,0,0,0,0,0,0,0,0,0,0,0,0,0,0,0,0,0,0,0,0,0,0,0,0,0,0,0,0,0,0,0,0,0,0,0,0,0,0,0,0,0,0,0
209,0,0,0,0,0,0,0,0,0,0,0,0,0,0,0,0,0,0,0,0,0,0,0,0,0,0,0,0,0,0,0,0,0,0,0,0,0,0,0,0,0,0,0,0,0,0,0,0,0,0,0,0,0,0,0,0,0,0,0,0,0,0,0,0,0,0,0,0,0,0,0,0,0,0,0
210,0,0,0,0,0,0,0,0,0,0,0,0,0,0,0,0,0,0,0,0,0,0,0,0,0,0,0,0,0,0,0,0,0,0,0,0,0,0,0,0,0,0,0,0,0,0,0,0,0,0,0,0,0,0,0,0,0,0,0,0,0,0,0,0,0,0,0,0,0,0,0,0,0,0,0
211,0,0,0,0,0,0,0,0,0,0,0,0,0,0,0,0,0,0,0,0,0,0,0,0,0,0,0,0,0,0,0,0,0,0,0,0,0,0,0,0,0,0,0,0,0,0,0,0,0,0,0,0,0,0,0,0,0,0,0,0,0,0,0,0,0,0,0,0,0,0,0,0,0,0,0
212,0,0,0,0,0,0,0,0,0,0,0,0,0,0,0,0,0,0,0,0,0,0,0,0,0,0,0,0,0,0,0,0,0,0,0,0,0,0,0,0,0,0,0,0,0,0,0,0,0,0,0,0,0,0,0,0,0,0,0,0,0,0,0,0,0,0,0,0,0,0,0,0,0,0,0
213,0,0,0,0,0,0,0,0,0,0,0,0,0,0,0,0,0,0,0,0,0,0,0,0,0,0,0,0,0,0,0,0,0,0,0,0,0,0,0,0,0,0,0,0,0,0,0,0,0,0,0,0,0,0,0,0,0,0,0,0,0,0,0,0,0,0,0,0,0,0,0,0,0,0,0
214,0,0,0,0,0,0,0,0,0,0,0,0,0,0,0,0,0,0,0,0,0,0,0,0,0,0,0,0,0,0,0,0,0,0,0,0,0,0,0,0,0,0,0,0,0,0,0,0,0,0,0,0,0,0,0,0,0,0,0,0,0,0,0,0,0,0,0,0,0,0,0,0,0,0,0
215,0,0,0,0,0,0,0,0,0,0,0,0,0,0,0,0,0,0,0,0,0,0,0,0,0,0,0,0,0,0,0,0,0,0,0,0,0,0,0,0,0,0,0,0,0,0,0,0,0,0,0,0,0,0,0,0,0,0,0,0,0,0,0,0,0,0,0,0,0,0,0,0,0,0,0
216,0,0,0,0,0,0,0,0,0,0,0,0,0,0,0,0,0,0,0,0,0,0,0,0,0,0,0,0,0,0,0,0,0,0,0,0,0,0,0,0,0,0,0,0,0,0,0,0,0,0,0,0,0,0,0,0,0,0,0,0,0,0,0,0,0,0,0,0,0,0,0,0,0,0,0
217,0,0,0,0,0,0,0,0,0,0,0,0,0,0,0,0,0,0,0,0,0,0,0,0,0,0,0,0,0,0,0,0,0,0,0,0,0,0,0,0,0,0,0,0,0,0,0,0,0,0,0,0,0,0,0,0,0,0,0,0,0,0,0,0,0,0,0,0,0,0,0,0,0,0,0
218,0,0,0,0,0,0,0,0,0,0,0,0,0,0,0,0,0,0,0,0,0,0,0,0,0,0,0,0,0,0,0,0,0,0,0,0,0,0,0,0,0,0,0,0,0,0,0,0,0,0,0,0,0,0,0,0,0,0,0,0,0,0,0,0,0,0,0,0,0,0,0,0,0,0,0
219,0,0,0,0,0,0,0,0,0,0,0,0,0,0,0,0,0,0,0,0,0,0,0,0,0,0,0,0,0,0,0,0,0,0,0,0,0,0,0,0,0,0,0,0,0,0,0,0,0,0,0,0,0,0,0,0,0,0,0,0,0,0,0,0,0,0,0,0,0,0,0,0,0,0,0
220,0,0,0,0,0,0,0,0,0,0,0,0,0,0,0,0,0,0,0,0,0,0,0,0,0,0,0,0,0,0,0,0,0,0,0,0,0,0,0,0,0,0,0,0,0,0,0,0,0,0,0,0,0,0,0,0,0,0,0,0,0,0,0,0,0,0,0,0,0,0,0,0,0,0,0
221,0,0,0,0,0,0,0,0,0,0,0,0,0,0,0,0,0,0,0,0,0,0,0,0,0,0,0,0,0,0,0,0,0,0,0,0,0,0,0,0,0,0,0,0,0,0,0,0,0,0,0,0,0,0,0,0,0,0,0,0,0,0,0,0,0,0,0,0,0,0,0,0,0,0,0
222,0,0,0,0,0,0,0,0,0,0,0,0,0,0,0,0,0,0,0,0,0,0,0,0,0,0,0,0,0,0,0,0,0,0,0,0,0,0,0,0,0,0,0,0,0,0,0,0,0,0,0,0,0,0,0,0,0,0,0,0,0,0,0,0,0,0,0,0,0,0,0,0,0,0,0
223,0,0,0,0,0,0,0,0,0,0,0,0,0,0,0,0,0,0,0,0,0,0,0,0,0,0,0,0,0,0,0,0,0,0,0,0,0,0,0,0,0,0,0,0,0,0,0,0,0,0,0,0,0,0,0,0,0,0,0,0,0,0,0,0,0,0,0,0,0,0,0,0,0,0,0
224,0,0,0,0,0,0,0,0,0,0,0,0,0,0,0,0,0,0,0,0,0,0,0,0,0,0,0,0,0,0,0,0,0,0,0,0,0,0,0,0,0,0,0,0,0,0,0,0,0,0,0,0,0,0,0,0,0,0,0,0,0,0,0,0,0,0,0,0,0,0,0,0,0,0,0
225,0,0,0,0,0,0,0,0,0,0,0,0,0,0,0,0,0,0,0,0,0,0,0,0,0,0,0,0,0,0,0,0,0,0,0,0,0,0,0,0,0,0,0,0,0,0,0,0,0,0,0,0,0,0,0,0,0,0,0,0,0,0,0,0,0,0,0,0,0,0,0,0,0,0,0
226,0,0,0,0,0,0,0,0,0,0,0,0,0,0,0,0,0,0,0,0,0,0,0,0,0,0,0,0,0,0,0,0,0,0,0,0,0,0,0,0,0,0,0,0,0,0,0,0,0,0,0,0,0,0,0,0,0,0,0,0,0,0,0,0,0,0,0,0,0,0,0,0,0,0,0
227,0,0,0,0,0,0,0,0,0,0,0,0,0,0,0,0,0,0,0,0,0,0,0,0,0,0,0,0,0,0,0,0,0,0,0,0,0,0,0,0,0,0,0,0,0,0,0,0,0,0,0,0,0,0,0,0,0,0,0,0,0,0,0,0,0,0,0,0,0,0,0,0,0,0,0
228,0,0,0,0,0,0,0,0,0,0,0,0,0,0,0,0,0,0,0,0,0,0,0,0,0,0,0,0,0,0,0,0,0,0,0,0,0,0,0,0,0,0,0,0,0,0,0,0,0,0,0,0,0,0,0,0,0,0,0,0,0,0,0,0,0,0,0,0,0,0,0,0,0,0,0
229,0,0,0,0,0,0,0,0,0,0,0,0,0,0,0,0,0,0,0,0,0,0,0,0,0,0,0,0,0,0,0,0,0,0,0,0,0,0,0,0,0,0,0,0,0,0,0,0,0,0,0,0,0,0,0,0,0,0,0,0,0,0,0,0,0,0,0,0,0,0,0,0,0,0,0
230,0,0,0,0,0,0,0,0,0,0,0,0,0,0,0,0,0,0,0,0,0,0,0,0,0,0,0,0,0,0,0,0,0,0,0,0,0,0,0,0,0,0,0,0,0,0,0,0,0,0,0,0,0,0,0,0,0,0,0,0,0,0,0,0,0,0,0,0,0,0,0,0,0,0,0
231,0,0,0,0,0,0,0,0,0,0,0,0,0,0,0,0,0,0,0,0,0,0,0,0,0,0,0,0,0,0,0,0,0,0,0,0,0,0,0,0,0,0,0,0,0,0,0,0,0,0,0,0,0,0,0,0,0,0,0,0,0,0,0,0,0,0,0,0,0,0,0,0,0,0,0
232,0,0,0,0,0,0,0,0,0,0,0,0,0,0,0,0,0,0,0,0,0,0,0,0,0,0,0,0,0,0,0,0,0,0,0,0,0,0,0,0,0,0,0,0,0,0,0,0,0,0,0,0,0,0,0,0,0,0,0,0,0,0,0,0,0,0,0,0,0,0,0,0,0,0,0
233,0,0,0,0,0,0,0,0,0,0,0,0,0,0,0,0,0,0,0,0,0,0,0,0,0,0,0,0,0,0,0,0,0,0,0,0,0,0,0,0,0,0,0,0,0,0,0,0,0,0,0,0,0,0,0,0,0,0,0,0,0,0,0,0,0,0,0,0,0,0,0,0,0,0,0
234,0,0,0,0,0,0,0,0,0,0,0,0,0,0,0,0,0,0,0,0,0,0,0,0,0,0,0,0,0,0,0,0,0,0,0,0,0,0,0,0,0,0,0,0,0,0,0,0,0,0,0,0,0,0,0,0,0,0,0,0,0,0,0,0,0,0,0,0,0,0,0,0,0,0,0
235,0,0,0,0,0,0,0,0,0,0,0,0,0,0,0,0,0,0,0,0,0,0,0,0,0,0,0,0,0,0,0,0,0,0,0,0,0,0,0,0,0,0,0,0,0,0,0,0,0,0,0,0,0,0,0,0,0,0,0,0,0,0,0,0,0,0,0,0,0,0,0,0,0,0,0
236,0,0,0,0,0,0,0,0,0,0,0,0,0,0,0,0,0,0,0,0,0,0,0,0,0,0,0,0,0,0,0,0,0,0,0,0,0,0,0,0,0,0,0,0,0,0,0,0,0,0,0,0,0,0,0,0,0,0,0,0,0,0,0,0,0,0,0,0,0,0,0,0,0,0,0
237,0,0,0,0,0,0,0,0,0,0,0,0,0,0,0,0,0,0,0,0,0,0,0,0,0,0,0,0,0,0,0,0,0,0,0,0,0,0,0,0,0,0,0,0,0,0,0,0,0,0,0,0,0,0,0,0,0,0,0,0,0,0,0,0,0,0,0,0,0,0,0,0,0,0,0
238,0,0,0,0,0,0,0,0,0,0,0,0,0,0,0,0,0,0,0,0,0,0,0,0,0,0,0,0,0,0,0,0,0,0,0,0,0,0,0,0,0,0,0,0,0,0,0,0,0,0,0,0,0,0,0,0,0,0,0,0,0,0,0,0,0,0,0,0,0,0,0,0,0,0,0
239,0,0,0,0,0,0,0,0,0,0,0,0,0,0,0,0,0,0,0,0,0,0,0,0,0,0,0,0,0,0,0,0,0,0,0,0,0,0,0,0,0,0,0,0,0,0,0,0,0,0,0,0,0,0,0,0,0,0,0,0,0,0,0,0,0,0,0,0,0,0,0,0,0,0,0
240,0,0,0,0,0,0,0,0,0,0,0,0,0,0,0,0,0,0,0,0,0,0,0,0,0,0,0,0,0,0,0,0,0,0,0,0,0,0,0,0,0,0,0,0,0,0,0,0,0,0,0,0,0,0,0,0,0,0,0,0,0,0,0,0,0,0,0,0,0,0,0,0,0,0,0
241,0,0,0,0,0,0,0,0,0,0,0,0,0,0,0,0,0,0,0,0,0,0,0,0,0,0,0,0,0,0,0,0,0,0,0,0,0,0,0,0,0,0,0,0,0,0,0,0,0,0,0,0,0,0,0,0,0,0,0,0,0,0,0,0,0,0,0,0,0,0,0,0,0,0,0
242,0,0,0,0,0,0,0,0,0,0,0,0,0,0,0,0,0,0,0,0,0,0,0,0,0,0,0,0,0,0,0,0,0,0,0,0,0,0,0,0,0,0,0,0,0,0,0,0,0,0,0,0,0,0,0,0,0,0,0,0,0,0,0,0,0,0,0,0,0,0,0,0,0,0,0
243,0,0,0,0,0,0,0,0,0,0,0,0,0,0,0,0,0,0,0,0,0,0,0,0,0,0,0,0,0,0,0,0,0,0,0,0,0,0,0,0,0,0,0,0,0,0,0,0,0,0,0,0,0,0,0,0,0,0,0,0,0,0,0,0,0,0,0,0,0,0,0,0,0,0,0
244,0,0,14.2050198716031,0,0,0,0,14.2050198716031,0,0,0,0,0,0,0,0,0,0.00444843550296533,0,0,0,0,0.00949134718804661,0,0,0,0,46.9562907654617,0,0,0,0,46.9562907654617,0,0,0,0,0,0,0,0,0,0,0,0,0,0,0,0,0,0,0,261.855177960234,0,0,0,0,552.616553786376,0,0,0,0,88.4186486058201,0,0,0,0,1.88847610025548e-05,0,0,0,0,1.88789713880656e-05,0,0
245,0,0,12.8354427953705,0,0,0,0,12.8354427953705,0,0,0,0,0,0,0,0,0,0.00344724851883894,0,0,0,0,0.00857623889190836,0,0,0,0,4.17964278282258,0,0,0,0,4.17964278282258,0,0,0,0,0,0,0,0,0,0,0,0,0,0,0,0,0,0,0,10.0425946659814,0,0,0,0,33.0771286678515,0,0,0,0,5.29234058685623,0,0,0,0,1.70639866570761e-05,0,0,0,0,1.70587552483028e-05,0,0
246,0,0,7.31148601449819,0,0,0,0,7.31148601449819,0,0,0,0,0,0,0,0,0,0.00202330022406103,0,0,0,0,0.00488530483247525,0,0,0,0,1.82574504433789,0,0,0,0,1.82574504433789,0,0,0,0,0,0,0,0,0,0,0,0,0,0,0,0,0,0,0,2.36591975524445,0,0,0,0,15.463501992726,0,0,0,0,2.47416031883616,0,0,0,0,9.72020223874124e-06,0,0,0,0,9.7172222580197e-06,0,0
247,0,0,4.5351833284069,0,0,0,0,4.5351833284069,0,0,0,0,0,0,0,0,0,0.00118522707447804,0,0,0,0,0.00303026675924621,0,0,0,0,1.07515649053421,0,0,0,0,1.07515649053421,0,0,0,0,0,0,0,0,0,0,0,0,0,0,0,0,0,0,0,1.38025688791793,0,0,0,0,9.27644636980712,0,0,0,0,1.48423141916914,0,0,0,0,6.02926669824291e-06,0,0,0,0,6.02741826977563e-06,0,0
248,0,0,2.67680406744656,0,0,0,0,2.67680406744656,0,0,0,0,0,0,0,0,0,0.000709934068569215,0,0,0,0,0.00178855622787971,0,0,0,0,0.629078339573997,0,0,0,0,0.629078339573997,0,0,0,0,0,0,0,0,0,0,0,0,0,0,0,0,0,0,0,0.808525874277742,0,0,0,0,5.44505544443787,0,0,0,0,0.87120887111006,0,0,0,0,3.55865782106013e-06,0,0,0,0,3.55756682197998e-06,0,0
249,0,0,1.74419505852331,0,0,0,0,1.74419505852331,0,0,0,0,0,0,0,0,0,0.000415869355880908,0,0,0,0,0.00116541624114263,0,0,0,0,0.368734390737675,0,0,0,0,0.368734390737675,0,0,0,0,0,0,0,0,0,0,0,0,0,0,0,0,0,0,0,0.473623029207687,0,0,0,0,3.32150356813507,0,0,0,0,0.531440570901611,0,0,0,0,2.31880751451089e-06,0,0,0,0,2.31809662377832e-06,0,0
250,0,0,0.960959785019638,0,0,0,0,0.960959785019638,0,0,0,0,0,0,0,0,0,0.000243610398216839,0,0,0,0,0.000642083083009634,0,0,0,0,0.215920346803713,0,0,0,0,0.215920346803713,0,0,0,0,0,0,0,0,0,0,0,0,0,0,0,0,0,0,0,0.277441684770583,0,0,0,0,1.90024682411343,0,0,0,0,0.304039491858149,0,0,0,0,1.27754104092741e-06,0,0,0,0,1.27714937750524e-06,0,0
251,0,0,0.468190030686926,0,0,0,0,0.468190030686926,0,0,0,0,0,0,0,0,0,0.000139558784383267,0,0,0,0,0.00031282984264705,0,0,0,0,0.123560916242213,0,0,0,0,0.123560916242213,0,0,0,0,0,0,0,0,0,0,0,0,0,0,0,0,0,0,0,0.162521422540827,0,0,0,0,1.0266377147528,0,0,0,0,0.164262034360449,0,0,0,0,6.2243185248734e-07,0,0,0,0,6.22241029819732e-07,0,0
252,0,0,0.331727920906032,0,0,0,0,0.331727920906032,0,0,0,0,0,0,0,0,0,8.35937148866254e-05,0,0,0,0,0.000221650155912995,0,0,0,0,0.0741428744758275,0,0,0,0,0.0741428744758275,0,0,0,0,0,0,0,0,0,0,0,0,0,0,0,0,0,0,0,0.0952027551538809,0,0,0,0,0.653831846258657,0,0,0,0,0.104613095401385,0,0,0,0,4.41013286909104e-07,0,0,0,0,4.40878082819657e-07,0,0
253,0,0,0.203302892779328,0,0,0,0,0.203302892779328,0,0,0,0,0,0,0,0,0,5.00714390672514e-05,0,0,0,0,0.00013584059418039,0,0,0,0,0.0432843648171741,0,0,0,0,0.0432843648171741,0,0,0,0,0,0,0,0,0,0,0,0,0,0,0,0,0,0,0,0.0557684300764285,0,0,0,0,0.388845335935613,0,0,0,0,0.062215253749698,0,0,0,0,2.70279561448607e-07,0,0,0,0,2.70196700221776e-07,0,0
254,0,0,0.117680430260693,0,0,0,0,0.117680430260693,0,0,0,0,0,0,0,0,0,2.86847738015126e-05,0,0,0,0,7.86303596150402e-05,0,0,0,0,0.025363964621092,0,0,0,0,0.025363964621092,0,0,0,0,0,0,0,0,0,0,0,0,0,0,0,0,0,0,0,0.0326683591053899,0,0,0,0,0.226773605039068,0,0,0,0,0.0362837768062509,0,0,0,0,1.56449397483328e-07,0,0,0,0,1.56401433852845e-07,0,0
255,0,0,0.0678254976128559,0,0,0,0,0.0678254976128559,0,0,0,0,0,0,0,0,0,1.68031355754583e-05,0,0,0,0,4.53188627586899e-05,0,0,0,0,0.014911587225469,0,0,0,0,0.014911587225469,0,0,0,0,0,0,0,0,0,0,0,0,0,0,0,0,0,0,0,0.019136663613735,0,0,0,0,0.132309879894336,0,0,0,0,0.0211695807830937,0,0,0,0,9.01701175975605e-08,0,0,0,0,9.01424736035879e-08,0,0
256,0,0,0.0390121102769259,0,0,0,0,0.0390121102769259,0,0,0,0,0,0,0,0,0,9.84303962516672e-06,0,0,0,0,2.60666642161394e-05,0,0,0,0,0.00867469029417994,0,0,0,0,0.00867469029417994,0,0,0,0,0,0,0,0,0,0,0,0,0,0,0,0,0,0,0,0.011209987409647,0,0,0,0,0.0766390020586312,0,0,0,0,0.012262240329381,0,0,0,0,5.18643680504697e-08,0,0,0,0,5.18484676799702e-08,0,0
257,0,0,0.0215720881075022,0,0,0,0,0.0215720881075022,0,0,0,0,0,0,0,0,0,5.76591366697698e-06,0,0,0,0,1.44137903114618e-05,0,0,0,0,0.00510557532953198,0,0,0,0,0.00510557532953198,0,0,0,0,0,0,0,0,0,0,0,0,0,0,0,0,0,0,0,0.00656665238313809,0,0,0,0,0.0440786935800703,0,0,0,0,0.00705259097281124,0,0,0,0,2.8678856623821e-08,0,0,0,0,2.86700643746727e-08,0,0
258,0,0,0.0121457388785635,0,0,0,0,0.0121457388785635,0,0,0,0,0,0,0,0,0,3.30315909383276e-06,0,0,0,0,8.11540044250518e-06,0,0,0,0,0.00298721954351622,0,0,0,0,0.00298721954351622,0,0,0,0,0,0,0,0,0,0,0,0,0,0,0,0,0,0,0,0.00384665227044451,0,0,0,0,0.0254352656309891,0,0,0,0,0.00406964250095825,0,0,0,0,1.6147064769662e-08,0,0,0,0,1.61421144671331e-08,0,0
259,0,0,0.00731124740685411,0,0,0,0,0.00731124740685411,0,0,0,0,0,0,0,0,0,1.97854503201109e-06,0,0,0,0,4.88514540235744e-06,0,0,0,0,0.00175287882548044,0,0,0,0,0.00175287882548044,0,0,0,0,0,0,0,0,0,0,0,0,0,0,0,0,0,0,0,0.00225331460025372,0,0,0,0,0.0150629690862093,0,0,0,0,0.00241007505379348,0,0,0,0,9.71988502353334e-09,0,0,0,0,9.71690514006237e-09,0,0
260,0,0,0.00479332266532953,0,0,0,0,0.00479332266532953,0,0,0,0,0,0,0,0,0,1.15900375038965e-06,0,0,0,0,3.20274733947566e-06,0,0,0,0,0.00102515944574171,0,0,0,0,0.00102515944574171,0,0,0,0,0,0,0,0,0,0,0,0,0,0,0,0,0,0,0,0.00131995988478829,0,0,0,0,0.00919344690581419,0,0,0,0,0.00147095150493027,0,0,0,0,6.37244817403143e-09,0,0,0,0,6.37049453436003e-09,0,0
261,0,0,0.00237672487518706,0,0,0,0,0.00237672487518706,0,0,0,0,0,0,0,0,0,6.63966545287009e-07,0,0,0,0,1.5880527563332e-06,0,0,0,0,0.000599138532997303,0,0,0,0,0.000599138532997303,0,0,0,0,0,0,0,0,0,0,0,0,0,0,0,0,0,0,0,0.000773213867807963,0,0,0,0,0.00505788078131048,0,0,0,0,0.000809260925009677,0,0,0,0,3.15971970771127e-09,0,0,0,0,3.15875101348216e-09,0,0
262,0,0,0.00145973595300232,0,0,0,0,0.00145973595300232,0,0,0,0,0,0,0,0,0,3.97706459871076e-07,0,0,0,0,9.75349619926688e-07,0,0,0,0,0.00035188623264074,0,0,0,0,0.00035188623264074,0,0,0,0,0,0,0,0,0,0,0,0,0,0,0,0,0,0,0,0.000452937768988667,0,0,0,0,0.00301802986304795,0,0,0,0,0.000482884778087672,0,0,0,0,1.94063541258351e-09,0,0,0,0,1.94004046034126e-09,0,0
263,0,0,0.000888052939443395,0,0,0,0,0.000888052939443395,0,0,0,0,0,0,0,0,0,2.32970830123711e-07,0,0,0,0,5.93369023472643e-07,0,0,0,0,0.00020628484738024,0,0,0,0,0.00020628484738024,0,0,0,0,0,0,0,0,0,0,0,0,0,0,0,0,0,0,0,0.000265324551353473,0,0,0,0,0.00179305724078493,0,0,0,0,0.000286889158525588,0,0,0,0,1.18061556200499e-09,0,0,0,0,1.18025361360846e-09,0,0
264,0,0,0.000525510110009929,0,0,0,0,0.000525510110009929,0,0,0,0,0,0,0,0,0,1.36471023644236e-07,0,0,0,0,3.51129315553004e-07,0,0,0,0,0.000120577563223096,0,0,0,0,0.000120577563223096,0,0,0,0,0,0,0,0,0,0,0,0,0,0,0,0,0,0,0,0.000155423376831892,0,0,0,0,0.00105285765423184,0,0,0,0,0.000168457224677095,0,0,0,0,6.98635617666602e-10,0,0,0,0,6.98421432753481e-10,0,0
265,0,0,0.000285280473554483,0,0,0,0,0.000285280473554483,0,0,0,0,0,0,0,0,0,7.8181105169316e-08,0,0,0,0,1.90615433484105e-07,0,0,0,0,7.08169601443692e-05,0,0,0,0,7.08169601443692e-05,0,0,0,0,0,0,0,0,0,0,0,0,0,0,0,0,0,0,0,9.10448201743918e-05,0,0,0,0,0.000601018987376182,0,0,0,0,9.61630379801891e-05,0,0,0,0,3.79264063723134e-10,0,0,0,0,3.79147790463534e-10,0,0
266,0,0,0.000191935068380569,0,0,0,0,0.000191935068380569,0,0,0,0,0,0,0,0,0,4.68293632960927e-08,0,0,0,0,1.28244971709136e-07,0,0,0,0,4.14191437332137e-05,0,0,0,0,4.14191437332137e-05,0,0,0,0,0,0,0,0,0,0,0,0,0,0,0,0,0,0,0,5.33327704593179e-05,0,0,0,0,0.000370153087031894,0,0,0,0,5.9224493925103e-05,0,0,0,0,2.55166689461801e-10,0,0,0,0,2.55088461478812e-10,0,0
267,0,0,0.000103227771327032,0,0,0,0,0.000103227771327032,0,0,0,0,0,0,0,0,0,2.74319799703334e-08,0,0,0,0,6.89735477999422e-08,0,0,0,0,2.42259373342464e-05,0,0,0,0,2.42259373342464e-05,0,0,0,0,0,0,0,0,0,0,0,0,0,0,0,0,0,0,0,3.12415840837295e-05,0,0,0,0,0.00020979289210315,0,0,0,0,3.3566862736504e-05,0,0,0,0,1.37235414519514e-10,0,0,0,0,1.37193341435072e-10,0,0
268,0,0,6.08218093008819e-05,0,0,0,0,6.08218093008819e-05,0,0,0,0,0,0,0,0,0,1.60692666337311e-08,0,0,0,0,4.06392186633869e-08,0,0,0,0,1.41672053590322e-05,0,0,0,0,1.41672053590322e-05,0,0,0,0,0,0,0,0,0,0,0,0,0,0,0,0,0,0,0,1.83008789465617e-05,0,0,0,0,0.000123027575983782,0,0,0,0,1.96844121574051e-05,0,0,0,0,8.08591147898546e-11,0,0,0,0,8.08343253258788e-11,0,0
269,0,0,3.7330858970282e-05,0,0,0,0,3.7330858970282e-05,0,0,0,0,0,0,0,0,0,9.41314955847876e-09,0,0,0,0,2.4943305008905e-08,0,0,0,0,8.35363639254965e-06,0,0,0,0,8.35363639254965e-06,0,0,0,0,0,0,0,0,0,0,0,0,0,0,0,0,0,0,0,1.07203965496465e-05,0,0,0,0,7.36337872202655e-05,0,0,0,0,1.17814059552425e-05,0,0,0,0,4.96292406519735e-11,0,0,0,0,4.96140255178914e-11,0,0
270,0,0,2.02329406028524e-05,0,0,0,0,2.02329406028524e-05,0,0,0,0,0,0,0,0,0,5.39257650418461e-09,0,0,0,0,1.35190140973119e-08,0,0,0,0,4.86242881901031e-06,0,0,0,0,4.86242881901031e-06,0,0,0,0,0,0,0,0,0,0,0,0,0,0,0,0,0,0,0,6.27985696846902e-06,0,0,0,0,4.17489259269788e-05,0,0,0,0,6.6798281483166e-06,0,0,0,0,2.68985366523556e-11,0,0,0,0,2.68902902065829e-11,0,0
271,0,0,1.17262927061909e-05,0,0,0,0,1.17262927061909e-05,0,0,0,0,0,0,0,0,0,3.23007616315389e-09,0,0,0,0,7.83513971181490e-09,0,0,0,0,2.78970718468303e-06,0,0,0,0,2.78970718468303e-06,0,0,0,0,0,0,0,0,0,0,0,0,0,0,0,0,0,0,0,3.67865156496745e-06,0,0,0,0,2.40387007566782e-05,0,0,0,0,3.84619212106851e-06,0,0,0,0,1.55894350873179e-11,0,0,0,0,1.55846557406666e-11,0,0
272,0,0,7.39158022947491e-06,0,0,0,0,7.39158022947491e-06,0,0,0,0,0,0,0,0,0,1.89213302026001e-09,0,0,0,0,4.93882126602969e-09,0,0,0,0,1.67809471830676e-06,0,0,0,0,1.67809471830676e-06,0,0,0,0,0,0,0,0,0,0,0,0,0,0,0,0,0,0,0,2.15490215850196e-06,0,0,0,0,1.47112462835876e-05,0,0,0,0,2.35379940537401e-06,0,0,0,0,9.82668291396693e-12,0,0,0,0,9.8236702888259e-12,0,0
273,0,0,4.68503267783413e-06,0,0,0,0,4.68503267783413e-06,0,0,0,0,0,0,0,0,0,1.10838481370746e-09,0,0,0,0,3.13039137816069e-09,0,0,0,0,9.83887243429966e-07,0,0,0,0,9.83887243429966e-07,0,0,0,0,0,0,0,0,0,0,0,0,0,0,0,0,0,0,0,1.26231126561112e-06,0,0,0,0,8.88674115295718e-06,0,0,0,0,1.42187858447315e-06,0,0,0,0,6.22848283281367e-12,0,0,0,0,6.22657332946071e-12,0,0
274,0,0,2.59090477425785e-06,0,0,0,0,2.59090477425785e-06,0,0,0,0,0,0,0,0,0,6.49276177786121e-10,0,0,0,0,1.7311610237736e-09,0,0,0,0,5.75514680706831e-07,0,0,0,0,5.75514680706831e-07,0,0,0,0,0,0,0,0,0,0,0,0,0,0,0,0,0,0,0,7.39444120468315e-07,0,0,0,0,5.08693175885422e-06,0,0,0,0,8.13909081416675e-07,0,0,0,0,3.44445962656129e-12,0,0,0,0,3.44340363790682e-12,0,0
275,0,0,1.44110829275845e-06,0,0,0,0,1.44110829275845e-06,0,0,0,0,0,0,0,0,0,3.71955363006265e-10,0,0,0,0,9.62903203640499e-10,0,0,0,0,3.35898783345958e-07,0,0,0,0,3.35898783345958e-07,0,0,0,0,0,0,0,0,0,0,0,0,0,0,0,0,0,0,0,4.33155927694624e-07,0,0,0,0,2.91626738907486e-06,0,0,0,0,4.66602782251978e-07,0,0,0,0,1.91587100430235e-12,0,0,0,0,1.91528364423334e-12,0,0
276,0,0,8.84826795269869e-07,0,0,0,0,8.84826795269869e-07,0,0,0,0,0,0,0,0,0,2.22795940098666e-10,0,0,0,0,5.91213415475864e-10,0,0,0,0,1.97082249212053e-07,0,0,0,0,1.97082249212053e-07,0,0,0,0,0,0,0,0,0,0,0,0,0,0,0,0,0,0,0,2.53736627966102e-07,0,0,0,0,1.74012891302355e-06,0,0,0,0,2.78420626083768e-07,0,0,0,0,1.17632658795022e-12,0,0,0,0,1.17596595445019e-12,0,0
277,0,0,5.10208596723719e-07,0,0,0,0,5.10208596723719e-07,0,0,0,0,0,0,0,0,0,1.30510716697448e-10,0,0,0,0,3.40905325976456e-10,0,0,0,0,1.15400610361606e-07,0,0,0,0,1.15400610361606e-07,0,0,0,0,0,0,0,0,0,0,0,0,0,0,0,0,0,0,0,1.48635334887989e-07,0,0,0,0,1.01315417623273e-06,0,0,0,0,1.62104668197237e-07,0,0,0,0,6.78293131418826e-13,0,0,0,0,6.78085183023768e-13,0,0
278,0,0,2.82967423587954e-07,0,0,0,0,2.82967423587954e-07,0,0,0,0,0,0,0,0,0,7.6451335537525e-11,0,0,0,0,1.89069926297627e-10,0,0,0,0,6.76304708475742e-08,0,0,0,0,6.76304708475742e-08,0,0,0,0,0,0,0,0,0,0,0,0,0,0,0,0,0,0,0,8.70684810244112e-08,0,0,0,0,5.81809176201754e-07,0,0,0,0,9.30894681922806e-08,0,0,0,0,3.76188996162532e-13,0,0,0,0,3.76073665644845e-13,0,0
279,0,0,1.76066476565404e-07,0,0,0,0,1.76066476565404e-07,0,0,0,0,0,0,0,0,0,4.47841131622989e-11,0,0,0,0,1.17642078107824e-10,0,0,0,0,3.96663132926275e-08,0,0,0,0,3.96663132926275e-08,0,0,0,0,0,0,0,0,0,0,0,0,0,0,0,0,0,0,0,5.10034871157064e-08,0,0,0,0,3.48757033179799e-07,0,0,0,0,5.58011253087679e-08,0,0,0,0,2.34070304762222e-13,0,0,0,0,2.3399854442447e-13,0,0
280,0,0,1.095961789574e-07,0,0,0,0,1.095961789574e-07,0,0,0,0,0,0,0,0,0,2.68250429643929e-11,0,0,0,0,7.32287173386814e-11,0,0,0,0,2.31353419636059e-08,0,0,0,0,2.31353419636059e-08,0,0,0,0,0,0,0,0,0,0,0,0,0,0,0,0,0,0,0,2.98771227814654e-08,0,0,0,0,2.08531318034985e-07,0,0,0,0,3.33650108855976e-08,0,0,0,0,1.45701848016504e-13,0,0,0,0,1.45657179326746e-13,0,0
281,0,0,6.02675599051527e-08,0,0,0,0,6.02675599051527e-08,0,0,0,0,0,0,0,0,0,1.5111324917299e-11,0,0,0,0,4.02688866616593e-11,0,0,0,0,1.35986049365135e-08,0,0,0,0,1.35986049365135e-08,0,0,0,0,0,0,0,0,0,0,0,0,0,0,0,0,0,0,0,1.75015967765835e-08,0,0,0,0,1.19493082420052e-07,0,0,0,0,1.91188931872083e-08,0,0,0,0,8.01222719364995e-14,0,0,0,0,8.00977083708583e-14,0,0
282,0,0,3.49495744292549e-08,0,0,0,0,3.49495744292549e-08,0,0,0,0,0,0,0,0,0,9.00203473566615e-12,0,0,0,0,2.33522056273688e-11,0,0,0,0,7.93217868027249e-09,0,0,0,0,7.93217868027249e-09,0,0,0,0,0,0,0,0,0,0,0,0,0,0,0,0,0,0,0,1.02521883372296e-08,0,0,0,0,6.95412515395779e-08,0,0,0,0,1.11266002463325e-08,0,0,0,0,4.64634591294658e-14,0,0,0,0,4.64492145480197e-14,0,0
283,0,0,1.88065948478591e-08,0,0,0,0,1.88065948478591e-08,0,0,0,0,0,0,0,0,0,5.15705829423283e-12,0,0,0,0,1.25659747567685e-11,0,0,0,0,4.67321364666794e-09,0,0,0,0,4.67321364666794e-09,0,0,0,0,0,0,0,0,0,0,0,0,0,0,0,0,0,0,0,6.00558720691453e-09,0,0,0,0,3.96515776831083e-08,0,0,0,0,6.34425242929732e-09,0,0,0,0,2.50022915971899e-14,0,0,0,0,2.49946264946412e-14,0,0
284,0,0,1.21548026210279e-08,0,0,0,0,1.21548026210279e-08,0,0,0,0,0,0,0,0,0,3.0890041254436e-12,0,0,0,0,8.1214565499468e-12,0,0,0,0,2.73907766021882e-09,0,0,0,0,2.73907766021882e-09,0,0,0,0,0,0,0,0,0,0,0,0,0,0,0,0,0,0,0,3.51798821027138e-09,0,0,0,0,2.40784079420598e-08,0,0,0,0,3.85254527072956e-09,0,0,0,0,1.61591144965737e-14,0,0,0,0,1.61541604998878e-14,0,0
285,0,0,6.92952834434968e-09,0,0,0,0,6.92952834434968e-09,0,0,0,0,0,0,0,0,0,1.76961929317189e-12,0,0,0,0,4.63009273905439e-12,0,0,0,0,1.60247120368516e-09,0,0,0,0,1.60247120368516e-09,0,0,0,0,0,0,0,0,0,0,0,0,0,0,0,0,0,0,0,2.06078783326285e-09,0,0,0,0,1.3953358514734e-08,0,0,0,0,2.23253736235745e-09,0,0,0,0,9.21241137473359e-15,0,0,0,0,9.20958707050397e-15,0,0
286,0,0,3.88710364827652e-09,0,0,0,0,3.88710364827652e-09,0,0,0,0,0,0,0,0,0,1.05997663497146e-12,0,0,0,0,2.59724031470514e-12,0,0,0,0,9.36922041439973e-10,0,0,0,0,9.36922041439973e-10,0,0,0,0,0,0,0,0,0,0,0,0,0,0,0,0,0,0,0,1.20718042241437e-09,0,0,0,0,8.0360989484849e-09,0,0,0,0,1.28577583175758e-09,0,0,0,0,5.16768185144233e-15,0,0,0,0,5.16609756421104e-15,0,0
287,0,0,2.16218689738125e-09,0,0,0,0,2.16218689738125e-09,0,0,0,0,0,0,0,0,0,6.07236192437118e-13,0,0,0,0,1.44470523195226e-12,0,0,0,0,5.47387284166698e-10,0,0,0,0,5.47387284166698e-10,0,0,0,0,0,0,0,0,0,0,0,0,0,0,0,0,0,0,0,7.07149250756791e-10,0,0,0,0,4.61383336577485e-09,0,0,0,0,7.38213338523976e-10,0,0,0,0,2.87450374367496e-15,0,0,0,0,2.87362248981524e-15,0,0
288,0,0,1.3579739542257e-09,0,0,0,0,1.3579739542257e-09,0,0,0,0,0,0,0,0,0,3.55710389715812e-13,0,0,0,0,9.07355455211068e-13,0,0,0,0,3.22858809104089e-10,0,0,0,0,3.22858809104089e-10,0,0,0,0,0,0,0,0,0,0,0,0,0,0,0,0,0,0,0,4.14238048895598e-10,0,0,0,0,2.78279062236297e-09,0,0,0,0,4.45246499578076e-10,0,0,0,0,1.80534865878738e-15,0,0,0,0,1.80479518221696e-15,0,0
289,0,0,8.71050195290571e-10,0,0,0,0,8.71050195290571e-10,0,0,0,0,0,0,0,0,0,2.17866543789489e-13,0,0,0,0,5.82008324975727e-13,0,0,0,0,1.88887068828515e-10,0,0,0,0,1.88887068828515e-10,0,0,0,0,0,0,0,0,0,0,0,0,0,0,0,0,0,0,0,2.4265480161252e-10,0,0,0,0,1.68491706065896e-09,0,0,0,0,2.69586729705434e-10,0,0,0,0,1.15801138667712e-15,0,0,0,0,1.15765636817824e-15,0,0
290,0,0,4.93478660213157e-10,0,0,0,0,4.93478660213157e-10,0,0,0,0,0,0,0,0,0,1.24810723317241e-13,0,0,0,0,3.29726908959725e-13,0,0,0,0,1.10402997044391e-10,0,0,0,0,1.10402997044391e-10,0,0,0,0,0,0,0,0,0,0,0,0,0,0,0,0,0,0,0,1.42143757442358e-10,0,0,0,0,9.73133418281348e-10,0,0,0,0,1.55701346925016e-10,0,0,0,0,6.56051638239257e-16,0,0,0,0,6.55850508552212e-16,0,0
291,0,0,2.78528502142224e-10,0,0,0,0,2.78528502142224e-10,0,0,0,0,0,0,0,0,0,7.31123598771427e-14,0,0,0,0,1.8610397869863e-13,0,0,0,0,6.29859762453937e-11,0,0,0,0,6.29859762453937e-11,0,0,0,0,0,0,0,0,0,0,0,0,0,0,0,0,0,0,0,8.32658065925921e-11,0,0,0,0,5.52925145483565e-10,0,0,0,0,8.84680232773704e-11,0,0,0,0,3.70287704128489e-16,0,0,0,0,3.70174182805308e-16,0,0
292,0,0,1.68571213588027e-10,0,0,0,0,1.68571213588027e-10,0,0,0,0,0,0,0,0,0,4.28281883538e-14,0,0,0,0,1.12633979292967e-13,0,0,0,0,3.77561660491581e-11,0,0,0,0,3.77561660491581e-11,0,0,0,0,0,0,0,0,0,0,0,0,0,0,0,0,0,0,0,4.87759341125235e-11,0,0,0,0,3.32655013822293e-10,0,0,0,0,5.3224802211567e-11,0,0,0,0,2.24105781568417e-16,0,0,0,0,2.24037076114327e-16,0,0
293,0,0,9.08438842902746e-11,0,0,0,0,9.08438842902746e-11,0,0,0,0,0,0,0,0,0,2.45352823514279e-14,0,0,0,0,6.06990242536299e-14,0,0,0,0,2.22557856320476e-11,0,0,0,0,2.22557856320476e-11,0,0,0,0,0,0,0,0,0,0,0,0,0,0,0,0,0,0,0,2.85722536765877e-11,0,0,0,0,1.89770947635374e-10,0,0,0,0,3.03633516216599e-11,0,0,0,0,1.20771745402139e-16,0,0,0,0,1.20734719683521e-16,0,0
294,0,0,5.73581342025577e-11,0,0,0,0,5.73581342025577e-11,0,0,0,0,0,0,0,0,0,1.46962830509867e-14,0,0,0,0,3.83248999787291e-14,0,0,0,0,1.30250270958894e-11,0,0,0,0,1.30250270958894e-11,0,0,0,0,0,0,0,0,0,0,0,0,0,0,0,0,0,0,0,1.67372228746239e-11,0,0,0,0,1.14170472826886e-10,0,0,0,0,1.82672756523017e-11,0,0,0,0,7.62543569638473e-17,0,0,0,0,7.62309792081068e-17,0,0
295,0,0,3.27222938027818e-11,0,0,0,0,3.27222938027818e-11,0,0,0,0,0,0,0,0,0,8.41916195926297e-15,0,0,0,0,2.18640068144036e-14,0,0,0,0,7.60622697942445e-12,0,0,0,0,7.60622697942445e-12,0,0,0,0,0,0,0,0,0,0,0,0,0,0,0,0,0,0,0,9.80442889544896e-12,0,0,0,0,6.61026914640613e-11,0,0,0,0,1.05764306342498e-11,0,0,0,0,4.35024169981098e-17,0,0,0,0,4.34890802011162e-17,0,0
296,0,0,2.04497840989549e-11,0,0,0,0,2.04497840989549e-11,0,0,0,0,0,0,0,0,0,5.04295754306769e-15,0,0,0,0,1.36639020964546e-14,0,0,0,0,4.46747419298143e-12,0,0,0,0,4.46747419298143e-12,0,0,0,0,0,0,0,0,0,0,0,0,0,0,0,0,0,0,0,5.7432960465417e-12,0,0,0,0,3.97361101922122e-11,0,0,0,0,6.35777763075395e-12,0,0,0,0,2.71868176710284e-17,0,0,0,0,2.71784828452141e-17,0,0
297,0,0,1.19061690503124e-11,0,0,0,0,1.19061690503124e-11,0,0,0,0,0,0,0,0,0,2.95409334177765e-15,0,0,0,0,7.95532742351154e-15,0,0,0,0,2.61009824665689e-12,0,0,0,0,2.61009824665689e-12,0,0,0,0,0,0,0,0,0,0,0,0,0,0,0,0,0,0,0,3.36434175105627e-12,0,0,0,0,2.31841700388429e-11,0,0,0,0,3.70946720621487e-12,0,0,0,0,1.5828570392967e-17,0,0,0,0,1.58237177331702e-17,0,0
298,0,0,6.62806591140171e-12,0,0,0,0,6.62806591140171e-12,0,0,0,0,0,0,0,0,0,1.7304661793021e-15,0,0,0,0,4.4286650296161e-15,0,0,0,0,1.53042878410621e-12,0,0,0,0,1.53042878410621e-12,0,0,0,0,0,0,0,0,0,0,0,0,0,0,0,0,0,0,0,1.97078390634519e-12,0,0,0,0,1.3332300908896e-11,0,0,0,0,2.13316814542336e-12,0,0,0,0,8.81163432204872e-18,0,0,0,0,8.8089328864448e-18,0,0
299,0,0,4.17759108543221e-12,0,0,0,0,4.17759108543221e-12,0,0,0,0,0,0,0,0,0,1.01368266038149e-15,0,0,0,0,2.7913348773831e-15,0,0,0,0,8.96851071375027e-13,0,0,0,0,8.96851071375027e-13,0,0,0,0,0,0,0,0,0,0,0,0,0,0,0,0,0,0,0,1.15445739253148e-12,0,0,0,0,8.03090649018039e-12,0,0,0,0,1.28494503842886e-12,0,0,0,0,5.55386827529214e-18,0,0,0,0,5.55216559257177e-18,0,0
300,0,0,2.2771152185314e-12,0,0,0,0,2.2771152185314e-12,0,0,0,0,0,0,0,0,0,5.93800993193932e-16,0,0,0,0,1.52149671887978e-15,0,0,0,0,5.25868465923527e-13,0,0,0,0,5.25868465923527e-13,0,0,0,0,0,0,0,0,0,0,0,0,0,0,0,0,0,0,0,6.7626484409557e-13,0,0,0,0,4.58113263726298e-12,0,0,0,0,7.32981221962077e-13,0,0,0,0,3.02729436959195e-18,0,0,0,0,3.0263662737933e-18,0,0
301,0,0,1.45472390729434e-12,0,0,0,0,1.45472390729434e-12,0,0,0,0,0,0,0,0,0,3.47840239651926e-16,0,0,0,0,9.72000728734225e-16,0,0,0,0,3.07790076723674e-13,0,0,0,0,3.07790076723674e-13,0,0,0,0,0,0,0,0,0,0,0,0,0,0,0,0,0,0,0,3.96146399441184e-13,0,0,0,0,2.7717688352683e-12,0,0,0,0,4.43483013642929e-13,0,0,0,0,1.93397218464123e-18,0,0,0,0,1.93337927518475e-18,0,0
302,0,0,7.79524414010583e-13,0,0,0,0,7.79524414010583e-13,0,0,0,0,0,0,0,0,0,1.99269659098039e-16,0,0,0,0,5.20853678615662e-16,0,0,0,0,1.803150118928e-13,0,0,0,0,1.803150118928e-13,0,0,0,0,0,0,0,0,0,0,0,0,0,0,0,0,0,0,0,2.32056968745867e-13,0,0,0,0,1.56984138883339e-12,0,0,0,0,2.51174622213342e-13,0,0,0,0,1.03633309825037e-18,0,0,0,0,1.03601538339444e-18,0,0
303,0,0,4.62735084925651e-13,0,0,0,0,4.62735084925651e-13,0,0,0,0,0,0,0,0,0,1.19359674432603e-16,0,0,0,0,3.09185019578853e-16,0,0,0,0,1.05571342838602e-13,0,0,0,0,1.05571342838602e-13,0,0,0,0,0,0,0,0,0,0,0,0,0,0,0,0,0,0,0,1.35935696549264e-13,0,0,0,0,9.23791455407387e-13,0,0,0,0,1.47806632865182e-13,0,0,0,0,6.15179814270237e-19,0,0,0,0,6.14991214903498e-19,0,0
304,0,0,2.5666560007794e-13,0,0,0,0,2.5666560007794e-13,0,0,0,0,0,0,0,0,0,6.83784074494615e-17,0,0,0,0,1.71495875654353e-16,0,0,0,0,6.18874813467471e-14,0,0,0,0,6.18874813467471e-14,0,0,0,0,0,0,0,0,0,0,0,0,0,0,0,0,0,0,0,7.96292121550982e-14,0,0,0,0,5.30740885839559e-13,0,0,0,0,8.49185417343295e-14,0,0,0,0,3.41222226991661e-19,0,0,0,0,3.41117616446199e-19,0,0
305,0,0,1.63847989005186e-13,0,0,0,0,1.63847989005186e-13,0,0,0,0,0,0,0,0,0,4.0957687629566e-17,0,0,0,0,1.09478069285937e-16,0,0,0,0,3.62536755995372e-14,0,0,0,0,3.62536755995372e-14,0,0,0,0,0,0,0,0,0,0,0,0,0,0,0,0,0,0,0,4.66456684256123e-14,0,0,0,0,3.20901458674395e-13,0,0,0,0,5.13442333879032e-14,0,0,0,0,2.17826524783522e-19,0,0,0,0,2.1775974439886e-19,0,0
306,0,0,8.76185292834921e-14,0,0,0,0,8.76185292834921e-14,0,0,0,0,0,0,0,0,0,2.39924352501109e-17,0,0,0,0,5.85439435532308e-17,0,0,0,0,2.11579548145516e-14,0,0,0,0,2.11579548145516e-14,0,0,0,0,0,0,0,0,0,0,0,0,0,0,0,0,0,0,0,2.73243741082632e-14,0,0,0,0,1.81345276777018e-13,0,0,0,0,2.90152442843229e-14,0,0,0,0,1.16483820499391e-19,0,0,0,0,1.16448109355638e-19,0,0
307,0,0,5.69777248096272e-14,0,0,0,0,5.69777248096272e-14,0,0,0,0,0,0,0,0,0,1.40544298896218e-17,0,0,0,0,3.80707223954146e-17,0,0,0,0,1.24672899048692e-14,0,0,0,0,1.24672899048692e-14,0,0,0,0,0,0,0,0,0,0,0,0,0,0,0,0,0,0,0,1.60062326387067e-14,0,0,0,0,1.10827710224293e-13,0,0,0,0,1.77324336358869e-14,0,0,0,0,7.5748624445797e-20,0,0,0,0,7.57254017355089e-20,0,0
308,0,0,3.18138594914809e-14,0,0,0,0,3.18138594914809e-14,0,0,0,0,0,0,0,0,0,8.23288663543984e-18,0,0,0,0,2.12570195997411e-17,0,0,0,0,7.23629560176428e-15,0,0,0,0,7.23629560176428e-15,0,0,0,0,0,0,0,0,0,0,0,0,0,0,0,0,0,0,0,9.37622513398843e-15,0,0,0,0,6.33955331570098e-14,0,0,0,0,1.01432853051216e-14,0,0,0,0,4.22947055685938e-20,0,0,0,0,4.22817390269394e-20,0,0
309,0,0,0,0,0,0,0,0,0,0,0,0,0,0,0,0,0,0,0,0,0,0,0,0,0,0,0,0,0,0,0,0,0,0,0,0,0,0,0,0,0,0,0,0,0,0,0,0,0,0,0,0,0,0,0,0,0,0,0,0,0,0,0,0,0,0,0,0,0,0,0,0,0,0,0
310,0,0,0,0,0,0,0,0,0,0,0,0,0,0,0,0,0,0,0,0,0,0,0,0,0,0,0,0,0,0,0,0,0,0,0,0,0,0,0,0,0,0,0,0,0,0,0,0,0,0,0,0,0,0,0,0,0,0,0,0,0,0,0,0,0,0,0,0,0,0,0,0,0,0,0
311,0,0,0,0,0,0,0,0,0,0,0,0,0,0,0,0,0,0,0,0,0,0,0,0,0,0,0,0,0,0,0,0,0,0,0,0,0,0,0,0,0,0,0,0,0,0,0,0,0,0,0,0,0,0,0,0,0,0,0,0,0,0,0,0,0,0,0,0,0,0,0,0,0,0,0
312,0,0,0,0,0,0,0,0,0,0,0,0,0,0,0,0,0,0,0,0,0,0,0,0,0,0,0,0,0,0,0,0,0,0,0,0,0,0,0,0,0,0,0,0,0,0,0,0,0,0,0,0,0,0,0,0,0,0,0,0,0,0,0,0,0,0,0,0,0,0,0,0,0,0,0
313,0,0,0,0,0,0,0,0,0,0,0,0,0,0,0,0,0,0,0,0,0,0,0,0,0,0,0,0,0,0,0,0,0,0,0,0,0,0,0,0,0,0,0,0,0,0,0,0,0,0,0,0,0,0,0,0,0,0,0,0,0,0,0,0,0,0,0,0,0,0,0,0,0,0,0
314,0,0,0,0,0,0,0,0,0,0,0,0,0,0,0,0,0,0,0,0,0,0,0,0,0,0,0,0,0,0,0,0,0,0,0,0,0,0,0,0,0,0,0,0,0,0,0,0,0,0,0,0,0,0,0,0,0,0,0,0,0,0,0,0,0,0,0,0,0,0,0,0,0,0,0
315,0,0,0,0,0,0,0,0,0,0,0,0,0,0,0,0,0,0,0,0,0,0,0,0,0,0,0,0,0,0,0,0,0,0,0,0,0,0,0,0,0,0,0,0,0,0,0,0,0,0,0,0,0,0,0,0,0,0,0,0,0,0,0,0,0,0,0,0,0,0,0,0,0,0,0
316,0,0,0,0,0,0,0,0,0,0,0,0,0,0,0,0,0,0,0,0,0,0,0,0,0,0,0,0,0,0,0,0,0,0,0,0,0,0,0,0,0,0,0,0,0,0,0,0,0,0,0,0,0,0,0,0,0,0,0,0,0,0,0,0,0,0,0,0,0,0,0,0,0,0,0
317,0,0,0,0,0,0,0,0,0,0,0,0,0,0,0,0,0,0,0,0,0,0,0,0,0,0,0,0,0,0,0,0,0,0,0,0,0,0,0,0,0,0,0,0,0,0,0,0,0,0,0,0,0,0,0,0,0,0,0,0,0,0,0,0,0,0,0,0,0,0,0,0,0,0,0
318,0,0,0,0,0,0,0,0,0,0,0,0,0,0,0,0,0,0,0,0,0,0,0,0,0,0,0,0,0,0,0,0,0,0,0,0,0,0,0,0,0,0,0,0,0,0,0,0,0,0,0,0,0,0,0,0,0,0,0,0,0,0,0,0,0,0,0,0,0,0,0,0,0,0,0
319,0,0,0,0,0,0,0,0,0,0,0,0,0,0,0,0,0,0,0,0,0,0,0,0,0,0,0,0,0,0,0,0,0,0,0,0,0,0,0,0,0,0,0,0,0,0,0,0,0,0,0,0,0,0,0,0,0,0,0,0,0,0,0,0,0,0,0,0,0,0,0,0,0,0,0
320,0,0,0,0,0,0,0,0,0,0,0,0,0,0,0,0,0,0,0,0,0,0,0,0,0,0,0,0,0,0,0,0,0,0,0,0,0,0,0,0,0,0,0,0,0,0,0,0,0,0,0,0,0,0,0,0,0,0,0,0,0,0,0,0,0,0,0,0,0,0,0,0,0,0,0
321,0,0,0,0,0,0,0,0,0,0,0,0,0,0,0,0,0,0,0,0,0,0,0,0,0,0,0,0,0,0,0,0,0,0,0,0,0,0,0,0,0,0,0,0,0,0,0,0,0,0,0,0,0,0,0,0,0,0,0,0,0,0,0,0,0,0,0,0,0,0,0,0,0,0,0
322,0,0,0,0,0,0,0,0,0,0,0,0,0,0,0,0,0,0,0,0,0,0,0,0,0,0,0,0,0,0,0,0,0,0,0,0,0,0,0,0,0,0,0,0,0,0,0,0,0,0,0,0,0,0,0,0,0,0,0,0,0,0,0,0,0,0,0,0,0,0,0,0,0,0,0
323,0,0,0,0,0,0,0,0,0,0,0,0,0,0,0,0,0,0,0,0,0,0,0,0,0,0,0,0,0,0,0,0,0,0,0,0,0,0,0,0,0,0,0,0,0,0,0,0,0,0,0,0,0,0,0,0,0,0,0,0,0,0,0,0,0,0,0,0,0,0,0,0,0,0,0
324,0,0,0,0,0,0,0,0,0,0,0,0,0,0,0,0,0,0,0,0,0,0,0,0,0,0,0,0,0,0,0,0,0,0,0,0,0,0,0,0,0,0,0,0,0,0,0,0,0,0,0,0,0,0,0,0,0,0,0,0,0,0,0,0,0,0,0,0,0,0,0,0,0,0,0
325,0,0,0,0,0,0,0,0,0,0,0,0,0,0,0,0,0,0,0,0,0,0,0,0,0,0,0,0,0,0,0,0,0,0,0,0,0,0,0,0,0,0,0,0,0,0,0,0,0,0,0,0,0,0,0,0,0,0,0,0,0,0,0,0,0,0,0,0,0,0,0,0,0,0,0
326,0,0,0,0,0,0,0,0,0,0,0,0,0,0,0,0,0,0,0,0,0,0,0,0,0,0,0,0,0,0,0,0,0,0,0,0,0,0,0,0,0,0,0,0,0,0,0,0,0,0,0,0,0,0,0,0,0,0,0,0,0,0,0,0,0,0,0,0,0,0,0,0,0,0,0
327,0,0,0,0,0,0,0,0,0,0,0,0,0,0,0,0,0,0,0,0,0,0,0,0,0,0,0,0,0,0,0,0,0,0,0,0,0,0,0,0,0,0,0,0,0,0,0,0,0,0,0,0,0,0,0,0,0,0,0,0,0,0,0,0,0,0,0,0,0,0,0,0,0,0,0
328,0,0,0,0,0,0,0,0,0,0,0,0,0,0,0,0,0,0,0,0,0,0,0,0,0,0,0,0,0,0,0,0,0,0,0,0,0,0,0,0,0,0,0,0,0,0,0,0,0,0,0,0,0,0,0,0,0,0,0,0,0,0,0,0,0,0,0,0,0,0,0,0,0,0,0
329,0,0,0,0,0,0,0,0,0,0,0,0,0,0,0,0,0,0,0,0,0,0,0,0,0,0,0,0,0,0,0,0,0,0,0,0,0,0,0,0,0,0,0,0,0,0,0,0,0,0,0,0,0,0,0,0,0,0,0,0,0,0,0,0,0,0,0,0,0,0,0,0,0,0,0
330,0,0,0,0,0,0,0,0,0,0,0,0,0,0,0,0,0,0,0,0,0,0,0,0,0,0,0,0,0,0,0,0,0,0,0,0,0,0,0,0,0,0,0,0,0,0,0,0,0,0,0,0,0,0,0,0,0,0,0,0,0,0,0,0,0,0,0,0,0,0,0,0,0,0,0
331,0,0,0,0,0,0,0,0,0,0,0,0,0,0,0,0,0,0,0,0,0,0,0,0,0,0,0,0,0,0,0,0,0,0,0,0,0,0,0,0,0,0,0,0,0,0,0,0,0,0,0,0,0,0,0,0,0,0,0,0,0,0,0,0,0,0,0,0,0,0,0,0,0,0,0
332,0,0,0,0,0,0,0,0,0,0,0,0,0,0,0,0,0,0,0,0,0,0,0,0,0,0,0,0,0,0,0,0,0,0,0,0,0,0,0,0,0,0,0,0,0,0,0,0,0,0,0,0,0,0,0,0,0,0,0,0,0,0,0,0,0,0,0,0,0,0,0,0,0,0,0
333,0,0,0,0,0,0,0,0,0,0,0,0,0,0,0,0,0,0,0,0,0,0,0,0,0,0,0,0,0,0,0,0,0,0,0,0,0,0,0,0,0,0,0,0,0,0,0,0,0,0,0,0,0,0,0,0,0,0,0,0,0,0,0,0,0,0,0,0,0,0,0,0,0,0,0
334,0,0,0,0,0,0,0,0,0,0,0,0,0,0,0,0,0,0,0,0,0,0,0,0,0,0,0,0,0,0,0,0,0,0,0,0,0,0,0,0,0,0,0,0,0,0,0,0,0,0,0,0,0,0,0,0,0,0,0,0,0,0,0,0,0,0,0,0,0,0,0,0,0,0,0
335,0,0,0,0,0,0,0,0,0,0,0,0,0,0,0,0,0,0,0,0,0,0,0,0,0,0,0,0,0,0,0,0,0,0,0,0,0,0,0,0,0,0,0,0,0,0,0,0,0,0,0,0,0,0,0,0,0,0,0,0,0,0,0,0,0,0,0,0,0,0,0,0,0,0,0
336,0,0,0,0,0,0,0,0,0,0,0,0,0,0,0,0,0,0,0,0,0,0,0,0,0,0,0,0,0,0,0,0,0,0,0,0,0,0,0,0,0,0,0,0,0,0,0,0,0,0,0,0,0,0,0,0,0,0,0,0,0,0,0,0,0,0,0,0,0,0,0,0,0,0,0
337,0,0,0,0,0,0,0,0,0,0,0,0,0,0,0,0,0,0,0,0,0,0,0,0,0,0,0,0,0,0,0,0,0,0,0,0,0,0,0,0,0,0,0,0,0,0,0,0,0,0,0,0,0,0,0,0,0,0,0,0,0,0,0,0,0,0,0,0,0,0,0,0,0,0,0
338,0,0,0,0,0,0,0,0,0,0,0,0,0,0,0,0,0,0,0,0,0,0,0,0,0,0,0,0,0,0,0,0,0,0,0,0,0,0,0,0,0,0,0,0,0,0,0,0,0,0,0,0,0,0,0,0,0,0,0,0,0,0,0,0,0,0,0,0,0,0,0,0,0,0,0
339,0,0,0,0,0,0,0,0,0,0,0,0,0,0,0,0,0,0,0,0,0,0,0,0,0,0,0,0,0,0,0,0,0,0,0,0,0,0,0,0,0,0,0,0,0,0,0,0,0,0,0,0,0,0,0,0,0,0,0,0,0,0,0,0,0,0,0,0,0,0,0,0,0,0,0
340,0,0,0,0,0,0,0,0,0,0,0,0,0,0,0,0,0,0,0,0,0,0,0,0,0,0,0,0,0,0,0,0,0,0,0,0,0,0,0,0,0,0,0,0,0,0,0,0,0,0,0,0,0,0,0,0,0,0,0,0,0,0,0,0,0,0,0,0,0,0,0,0,0,0,0
341,0,0,0,0,0,0,0,0,0,0,0,0,0,0,0,0,0,0,0,0,0,0,0,0,0,0,0,0,0,0,0,0,0,0,0,0,0,0,0,0,0,0,0,0,0,0,0,0,0,0,0,0,0,0,0,0,0,0,0,0,0,0,0,0,0,0,0,0,0,0,0,0,0,0,0
342,0,0,0,0,0,0,0,0,0,0,0,0,0,0,0,0,0,0,0,0,0,0,0,0,0,0,0,0,0,0,0,0,0,0,0,0,0,0,0,0,0,0,0,0,0,0,0,0,0,0,0,0,0,0,0,0,0,0,0,0,0,0,0,0,0,0,0,0,0,0,0,0,0,0,0
343,0,0,0,0,0,0,0,0,0,0,0,0,0,0,0,0,0,0,0,0,0,0,0,0,0,0,0,0,0,0,0,0,0,0,0,0,0,0,0,0,0,0,0,0,0,0,0,0,0,0,0,0,0,0,0,0,0,0,0,0,0,0,0,0,0,0,0,0,0,0,0,0,0,0,0
344,0,0,0,0,0,0,0,0,0,0,0,0,0,0,0,0,0,0,0,0,0,0,0,0,0,0,0,0,0,0,0,0,0,0,0,0,0,0,0,0,0,0,0,0,0,0,0,0,0,0,0,0,0,0,0,0,0,0,0,0,0,0,0,0,0,0,0,0,0,0,0,0,0,0,0
345,0,0,0,0,0,0,0,0,0,0,0,0,0,0,0,0,0,0,0,0,0,0,0,0,0,0,0,0,0,0,0,0,0,0,0,0,0,0,0,0,0,0,0,0,0,0,0,0,0,0,0,0,0,0,0,0,0,0,0,0,0,0,0,0,0,0,0,0,0,0,0,0,0,0,0
346,0,0,0,0,0,0,0,0,0,0,0,0,0,0,0,0,0,0,0,0,0,0,0,0,0,0,0,0,0,0,0,0,0,0,0,0,0,0,0,0,0,0,0,0,0,0,0,0,0,0,0,0,0,0,0,0,0,0,0,0,0,0,0,0,0,0,0,0,0,0,0,0,0,0,0
347,0,0,0,0,0,0,0,0,0,0,0,0,0,0,0,0,0,0,0,0,0,0,0,0,0,0,0,0,0,0,0,0,0,0,0,0,0,0,0,0,0,0,0,0,0,0,0,0,0,0,0,0,0,0,0,0,0,0,0,0,0,0,0,0,0,0,0,0,0,0,0,0,0,0,0
348,0,0,0,0,0,0,0,0,0,0,0,0,0,0,0,0,0,0,0,0,0,0,0,0,0,0,0,0,0,0,0,0,0,0,0,0,0,0,0,0,0,0,0,0,0,0,0,0,0,0,0,0,0,0,0,0,0,0,0,0,0,0,0,0,0,0,0,0,0,0,0,0,0,0,0
349,0,0,0,0,0,0,0,0,0,0,0,0,0,0,0,0,0,0,0,0,0,0,0,0,0,0,0,0,0,0,0,0,0,0,0,0,0,0,0,0,0,0,0,0,0,0,0,0,0,0,0,0,0,0,0,0,0,0,0,0,0,0,0,0,0,0,0,0,0,0,0,0,0,0,0
350,0,0,0,0,0,0,0,0,0,0,0,0,0,0,0,0,0,0,0,0,0,0,0,0,0,0,0,0,0,0,0,0,0,0,0,0,0,0,0,0,0,0,0,0,0,0,0,0,0,0,0,0,0,0,0,0,0,0,0,0,0,0,0,0,0,0,0,0,0,0,0,0,0,0,0
351,0,0,0,0,0,0,0,0,0,0,0,0,0,0,0,0,0,0,0,0,0,0,0,0,0,0,0,0,0,0,0,0,0,0,0,0,0,0,0,0,0,0,0,0,0,0,0,0,0,0,0,0,0,0,0,0,0,0,0,0,0,0,0,0,0,0,0,0,0,0,0,0,0,0,0
352,0,0,0,0,0,0,0,0,0,0,0,0,0,0,0,0,0,0,0,0,0,0,0,0,0,0,0,0,0,0,0,0,0,0,0,0,0,0,0,0,0,0,0,0,0,0,0,0,0,0,0,0,0,0,0,0,0,0,0,0,0,0,0,0,0,0,0,0,0,0,0,0,0,0,0
353,0,0,0,0,0,0,0,0,0,0,0,0,0,0,0,0,0,0,0,0,0,0,0,0,0,0,0,0,0,0,0,0,0,0,0,0,0,0,0,0,0,0,0,0,0,0,0,0,0,0,0,0,0,0,0,0,0,0,0,0,0,0,0,0,0,0,0,0,0,0,0,0,0,0,0
354,0,0,0,0,0,0,0,0,0,0,0,0,0,0,0,0,0,0,0,0,0,0,0,0,0,0,0,0,0,0,0,0,0,0,0,0,0,0,0,0,0,0,0,0,0,0,0,0,0,0,0,0,0,0,0,0,0,0,0,0,0,0,0,0,0,0,0,0,0,0,0,0,0,0,0
355,0,0,0,0,0,0,0,0,0,0,0,0,0,0,0,0,0,0,0,0,0,0,0,0,0,0,0,0,0,0,0,0,0,0,0,0,0,0,0,0,0,0,0,0,0,0,0,0,0,0,0,0,0,0,0,0,0,0,0,0,0,0,0,0,0,0,0,0,0,0,0,0,0,0,0
356,0,0,0,0,0,0,0,0,0,0,0,0,0,0,0,0,0,0,0,0,0,0,0,0,0,0,0,0,0,0,0,0,0,0,0,0,0,0,0,0,0,0,0,0,0,0,0,0,0,0,0,0,0,0,0,0,0,0,0,0,0,0,0,0,0,0,0,0,0,0,0,0,0,0,0
357,0,0,0,0,0,0,0,0,0,0,0,0,0,0,0,0,0,0,0,0,0,0,0,0,0,0,0,0,0,0,0,0,0,0,0,0,0,0,0,0,0,0,0,0,0,0,0,0,0,0,0,0,0,0,0,0,0,0,0,0,0,0,0,0,0,0,0,0,0,0,0,0,0,0,0
358,0,0,0,0,0,0,0,0,0,0,0,0,0,0,0,0,0,0,0,0,0,0,0,0,0,0,0,0,0,0,0,0,0,0,0,0,0,0,0,0,0,0,0,0,0,0,0,0,0,0,0,0,0,0,0,0,0,0,0,0,0,0,0,0,0,0,0,0,0,0,0,0,0,0,0
359,0,0,0,0,0,0,0,0,0,0,0,0,0,0,0,0,0,0,0,0,0,0,0,0,0,0,0,0,0,0,0,0,0,0,0,0,0,0,0,0,0,0,0,0,0,0,0,0,0,0,0,0,0,0,0,0,0,0,0,0,0,0,0,0,0,0,0,0,0,0,0,0,0,0,0
360,0,0,0,0,0,0,0,0,0,0,0,0,0,0,0,0,0,0,0,0,0,0,0,0,0,0,0,0,0,0,0,0,0,0,0,0,0,0,0,0,0,0,0,0,0,0,0,0,0,0,0,0,0,0,0,0,0,0,0,0,0,0,0,0,0,0,0,0,0,0,0,0,0,0,0
361,0,0,0,0,0,0,0,0,0,0,0,0,0,0,0,0,0,0,0,0,0,0,0,0,0,0,0,0,0,0,0,0,0,0,0,0,0,0,0,0,0,0,0,0,0,0,0,0,0,0,0,0,0,0,0,0,0,0,0,0,0,0,0,0,0,0,0,0,0,0,0,0,0,0,0
362,0,0,0,0,0,0,0,0,0,0,0,0,0,0,0,0,0,0,0,0,0,0,0,0,0,0,0,0,0,0,0,0,0,0,0,0,0,0,0,0,0,0,0,0,0,0,0,0,0,0,0,0,0,0,0,0,0,0,0,0,0,0,0,0,0,0,0,0,0,0,0,0,0,0,0
363,0,0,0,0,0,0,0,0,0,0,0,0,0,0,0,0,0,0,0,0,0,0,0,0,0,0,0,0,0,0,0,0,0,0,0,0,0,0,0,0,0,0,0,0,0,0,0,0,0,0,0,0,0,0,0,0,0,0,0,0,0,0,0,0,0,0,0,0,0,0,0,0,0,0,0
364,0,0,0,0,0,0,0,0,0,0,0,0,0,0,0,0,0,0,0,0,0,0,0,0,0,0,0,0,0,0,0,0,0,0,0,0,0,0,0,0,0,0,0,0,0,0,0,0,0,0,0,0,0,0,0,0,0,0,0,0,0,0,0,0,0,0,0,0,0,0,0,0,0,0,0
