"household","dtxsid","daynum","dir.derm.exp","dir.derm.max","dir.derm.abs","dir.inhal.exp","dir.inhal.max","dir.inhal.mass","dir.inhal.abs","dir.ingest.exp","dir.ingest.abs","dir.release","ind.derm.exp","ind.derm.pr.exp","ind.derm.ar.exp","ind.derm.max","ind.derm.abs","ind.inhal.exp","ind.inhal.pr.exp","ind.inhal.ar.exp","ind.inhal.amb.in","ind.inhal.amb.out","ind.inhal.max","ind.inhal.mass","ind.inhal.abs","ind.ingest.exp","ind.ingest.abs","out.sur","out.air","drain","waste"
859,"DTXSID2021781",1,0,0,0,0,0,0,0,0,0,0,0,0,0,0,0,0,0,0,0,0,0,0,0,0,0,0,0,0,0
859,"DTXSID2021781",2,0,0,0,0,0,0,0,0,0,0,0,0,0,0,0,0,0,0,0,0,0,0,0,0,0,0,0,0,0
859,"DTXSID2021781",3,0,0,0,0,0,0,0,0,0,0,0,0,0,0,0,0,0,0,0,0,0,0,0,0,0,0,0,0,0
859,"DTXSID2021781",4,0,0,0,0,0,0,0,0,0,0,0,0,0,0,0,0,0,0,0,0,0,0,0,0,0,0,0,0,0
859,"DTXSID2021781",5,0,0,0,0,0,0,0,0,0,0,0,0,0,0,0,0,0,0,0,0,0,0,0,0,0,0,0,0,0
859,"DTXSID2021781",6,0,0,0,0,0,0,0,0,0,0,0,0,0,0,0,0,0,0,0,0,0,0,0,0,0,0,0,0,0
859,"DTXSID2021781",7,0,0,0,0,0,0,0,0,0,0,0,0,0,0,0,0,0,0,0,0,0,0,0,0,0,0,0,0,0
859,"DTXSID2021781",8,0,0,0,0,0,0,0,0,0,0,0,0,0,0,0,0,0,0,0,0,0,0,0,0,0,0,0,0,0
859,"DTXSID2021781",9,0,0,0,0,0,0,0,0,0,0,0,0,0,0,0,0,0,0,0,0,0,0,0,0,0,0,0,0,0
859,"DTXSID2021781",10,0,0,0,0,0,0,0,0,0,0,0,0,0,0,0,0,0,0,0,0,0,0,0,0,0,0,0,0,0
859,"DTXSID2021781",11,0,0,0,0,0,0,0,0,0,0,0,0,0,0,0,0,0,0,0,0,0,0,0,0,0,0,0,0,0
859,"DTXSID2021781",12,0,0,0,0,0,0,0,0,0,0,0,0,0,0,0,0,0,0,0,0,0,0,0,0,0,0,0,0,0
859,"DTXSID2021781",13,0,0,0,0,0,0,0,0,0,0,0,0,0,0,0,0,0,0,0,0,0,0,0,0,0,0,0,0,0
859,"DTXSID2021781",14,0,0,0,0,0,0,0,0,0,0,0,0,0,0,0,0,0,0,0,0,0,0,0,0,0,0,0,0,0
859,"DTXSID2021781",15,0,0,0,0,0,0,0,0,0,0,0,0,0,0,0,0,0,0,0,0,0,0,0,0,0,0,0,0,0
859,"DTXSID2021781",16,0,0,0,0,0,0,0,0,0,0,0,0,0,0,0,0,0,0,0,0,0,0,0,0,0,0,0,0,0
859,"DTXSID2021781",17,0,0,0,0,0,0,0,0,0,0,0,0,0,0,0,0,0,0,0,0,0,0,0,0,0,0,0,0,0
859,"DTXSID2021781",18,0,0,0,0,0,0,0,0,0,0,0,0,0,0,0,0,0,0,0,0,0,0,0,0,0,0,0,0,0
859,"DTXSID2021781",19,0,0,0,0,0,0,0,0,0,0,0,0,0,0,0,0,0,0,0,0,0,0,0,0,0,0,0,0,0
859,"DTXSID2021781",20,0,0,0,0,0,0,0,0,0,0,0,0,0,0,0,0,0,0,0,0,0,0,0,0,0,0,0,0,0
859,"DTXSID2021781",21,0,0,0,0,0,0,0,0,0,0,0,0,0,0,0,0,0,0,0,0,0,0,0,0,0,0,0,0,0
859,"DTXSID2021781",22,0,0,0,0,0,0,0,0,0,0,0,0,0,0,0,0,0,0,0,0,0,0,0,0,0,0,0,0,0
859,"DTXSID2021781",23,0,0,0,0,0,0,0,0,0,0,0,0,0,0,0,0,0,0,0,0,0,0,0,0,0,0,0,0,0
859,"DTXSID2021781",24,0,0,0,0,0,0,0,0,0,0,0,0,0,0,0,0,0,0,0,0,0,0,0,0,0,0,0,0,0
859,"DTXSID2021781",25,0,0,0,0,0,0,0,0,0,0,0,0,0,0,0,0,0,0,0,0,0,0,0,0,0,0,0,0,0
859,"DTXSID2021781",26,0,0,0,0,0,0,0,0,0,0,0,0,0,0,0,0,0,0,0,0,0,0,0,0,0,0,0,0,0
859,"DTXSID2021781",27,0,0,0,0,0,0,0,0,0,0,0,0,0,0,0,0,0,0,0,0,0,0,0,0,0,0,0,0,0
859,"DTXSID2021781",28,0,0,0,0,0,0,0,0,0,0,0,0,0,0,0,0,0,0,0,0,0,0,0,0,0,0,0,0,0
859,"DTXSID2021781",29,0,0,0,0,0,0,0,0,0,0,0,0,0,0,0,0,0,0,0,0,0,0,0,0,0,0,0,0,0
859,"DTXSID2021781",30,0,0,0,0,0,0,0,0,0,0,0,0,0,0,0,0,0,0,0,0,0,0,0,0,0,0,0,0,0
859,"DTXSID2021781",31,0,0,0,0,0,0,0,0,0,0,0,0,0,0,0,0,0,0,0,0,0,0,0,0,0,0,0,0,0
859,"DTXSID2021781",32,0,0,0,0,0,0,0,0,0,0,0,0,0,0,0,0,0,0,0,0,0,0,0,0,0,0,0,0,0
859,"DTXSID2021781",33,0,0,0,0,0,0,0,0,0,0,0,0,0,0,0,0,0,0,0,0,0,0,0,0,0,0,0,0,0
859,"DTXSID2021781",34,0,0,0,0,0,0,0,0,0,0,0,0,0,0,0,0,0,0,0,0,0,0,0,0,0,0,0,0,0
859,"DTXSID2021781",35,0,0,0,0,0,0,0,0,0,0,0,0,0,0,0,0,0,0,0,0,0,0,0,0,0,0,0,0,0
859,"DTXSID2021781",36,0,0,0,0,0,0,0,0,0,0,0,0,0,0,0,0,0,0,0,0,0,0,0,0,0,0,0,0,0
859,"DTXSID2021781",37,0,0,0,0,0,0,0,0,0,0,0,0,0,0,0,0,0,0,0,0,0,0,0,0,0,0,0,0,0
859,"DTXSID2021781",38,0,0,0,0,0,0,0,0,0,0,0,0,0,0,0,0,0,0,0,0,0,0,0,0,0,0,0,0,0
859,"DTXSID2021781",39,0,0,0,0,0,0,0,0,0,0,0,0,0,0,0,0,0,0,0,0,0,0,0,0,0,0,0,0,0
859,"DTXSID2021781",40,0,0,0,0,0,0,0,0,0,0,0,0,0,0,0,0,0,0,0,0,0,0,0,0,0,0,0,0,0
859,"DTXSID2021781",41,0,0,0,0,0,0,0,0,0,0,0,0,0,0,0,0,0,0,0,0,0,0,0,0,0,0,0,0,0
859,"DTXSID2021781",42,0,0,0,0,0,0,0,0,0,0,0,0,0,0,0,0,0,0,0,0,0,0,0,0,0,0,0,0,0
859,"DTXSID2021781",43,0,0,0,0,0,0,0,0,0,0,0,0,0,0,0,0,0,0,0,0,0,0,0,0,0,0,0,0,0
859,"DTXSID2021781",44,0,0,0,0,0,0,0,0,0,0,0,0,0,0,0,0,0,0,0,0,0,0,0,0,0,0,0,0,0
859,"DTXSID2021781",45,0,0,0,0,0,0,0,0,0,0,0,0,0,0,0,0,0,0,0,0,0,0,0,0,0,0,0,0,0
859,"DTXSID2021781",46,0,0,0,0,0,0,0,0,0,0,0,0,0,0,0,0,0,0,0,0,0,0,0,0,0,0,0,0,0
859,"DTXSID2021781",47,0,0,0,0,0,0,0,0,0,0,0,0,0,0,0,0,0,0,0,0,0,0,0,0,0,0,0,0,0
859,"DTXSID2021781",48,0,0,0,0,0,0,0,0,0,0,0,0,0,0,0,0,0,0,0,0,0,0,0,0,0,0,0,0,0
859,"DTXSID2021781",49,0,0,0,0,0,0,0,0,0,0,0,0,0,0,0,0,0,0,0,0,0,0,0,0,0,0,0,0,0
859,"DTXSID2021781",50,0,0,0,0,0,0,0,0,0,0,0,0,0,0,0,0,0,0,0,0,0,0,0,0,0,0,0,0,0
859,"DTXSID2021781",51,0,0,0,0,0,0,0,0,0,0,0,0,0,0,0,0,0,0,0,0,0,0,0,0,0,0,0,0,0
859,"DTXSID2021781",52,0,0,0,0,0,0,0,0,0,0,0,0,0,0,0,0,0,0,0,0,0,0,0,0,0,0,0,0,0
859,"DTXSID2021781",53,0,0,0,0,0,0,0,0,0,0,0,0,0,0,0,0,0,0,0,0,0,0,0,0,0,0,0,0,0
859,"DTXSID2021781",54,0,0,0,0,0,0,0,0,0,0,0,0,0,0,0,0,0,0,0,0,0,0,0,0,0,0,0,0,0
859,"DTXSID2021781",55,0,0,0,0,0,0,0,0,0,0,0,0,0,0,0,0,0,0,0,0,0,0,0,0,0,0,0,0,0
859,"DTXSID2021781",56,0,0,0,0,0,0,0,0,0,0,0,0,0,0,0,0,0,0,0,0,0,0,0,0,0,0,0,0,0
859,"DTXSID2021781",57,0,0,0,0,0,0,0,0,0,0,0,0,0,0,0,0,0,0,0,0,0,0,0,0,0,0,0,0,0
859,"DTXSID2021781",58,0,0,0,0,0,0,0,0,0,0,0,0,0,0,0,0,0,0,0,0,0,0,0,0,0,0,0,0,0
859,"DTXSID2021781",59,0,0,0,0,0,0,0,0,0,0,0,0,0,0,0,0,0,0,0,0,0,0,0,0,0,0,0,0,0
859,"DTXSID2021781",60,0,0,0,0,0,0,0,0,0,0,0,0,0,0,0,0,0,0,0,0,0,0,0,0,0,0,0,0,0
859,"DTXSID2021781",61,0,0,0,0,0,0,0,0,0,0,0,0,0,0,0,0,0,0,0,0,0,0,0,0,0,0,0,0,0
859,"DTXSID2021781",62,0,0,0,0,0,0,0,0,0,0,0,0,0,0,0,0,0,0,0,0,0,0,0,0,0,0,0,0,0
859,"DTXSID2021781",63,0,0,0,0,0,0,0,0,0,0,0,0,0,0,0,0,0,0,0,0,0,0,0,0,0,0,0,0,0
859,"DTXSID2021781",64,0,0,0,0,0,0,0,0,0,0,0,0,0,0,0,0,0,0,0,0,0,0,0,0,0,0,0,0,0
859,"DTXSID2021781",65,0,0,0,0,0,0,0,0,0,0,0,0,0,0,0,0,0,0,0,0,0,0,0,0,0,0,0,0,0
859,"DTXSID2021781",66,0,0,0,0,0,0,0,0,0,0,0,0,0,0,0,0,0,0,0,0,0,0,0,0,0,0,0,0,0
859,"DTXSID2021781",67,0,0,0,0,0,0,0,0,0,0,0,0,0,0,0,0,0,0,0,0,0,0,0,0,0,0,0,0,0
859,"DTXSID2021781",68,0,0,0,0,0,0,0,0,0,0,0,0,0,0,0,0,0,0,0,0,0,0,0,0,0,0,0,0,0
859,"DTXSID2021781",69,0,0,0,0,0,0,0,0,0,0,0,0,0,0,0,0,0,0,0,0,0,0,0,0,0,0,0,0,0
859,"DTXSID2021781",70,0,0,0,0,0,0,0,0,0,0,0,0,0,0,0,0,0,0,0,0,0,0,0,0,0,0,0,0,0
859,"DTXSID2021781",71,0,0,0,0,0,0,0,0,0,0,0,0,0,0,0,0,0,0,0,0,0,0,0,0,0,0,0,0,0
859,"DTXSID2021781",72,0,0,0,0,0,0,0,0,0,0,0,0,0,0,0,0,0,0,0,0,0,0,0,0,0,0,0,0,0
859,"DTXSID2021781",73,0,0,0,0,0,0,0,0,0,0,0,0,0,0,0,0,0,0,0,0,0,0,0,0,0,0,0,0,0
859,"DTXSID2021781",74,0,0,0,0,0,0,0,0,0,0,0,0,0,0,0,0,0,0,0,0,0,0,0,0,0,0,0,0,0
859,"DTXSID2021781",75,0,0,0,0,0,0,0,0,0,0,0,0,0,0,0,0,0,0,0,0,0,0,0,0,0,0,0,0,0
859,"DTXSID2021781",76,0,0,0,0,0,0,0,0,0,0,0,0,0,0,0,0,0,0,0,0,0,0,0,0,0,0,0,0,0
859,"DTXSID2021781",77,0,0,0,0,0,0,0,0,0,0,0,0,0,0,0,0,0,0,0,0,0,0,0,0,0,0,0,0,0
859,"DTXSID2021781",78,0,0,0,0,0,0,0,0,0,0,0,0,0,0,0,0,0,0,0,0,0,0,0,0,0,0,0,0,0
859,"DTXSID2021781",79,0,0,0,0,0,0,0,0,0,0,0,0,0,0,0,0,0,0,0,0,0,0,0,0,0,0,0,0,0
859,"DTXSID2021781",80,0,0,0,0,0,0,0,0,0,0,0,0,0,0,0,0,0,0,0,0,0,0,0,0,0,0,0,0,0
859,"DTXSID2021781",81,0,0,0,0,0,0,0,0,0,0,0,0,0,0,0,0,0,0,0,0,0,0,0,0,0,0,0,0,0
859,"DTXSID2021781",82,0,0,0,0,0,0,0,0,0,0,0,0,0,0,0,0,0,0,0,0,0,0,0,0,0,0,0,0,0
859,"DTXSID2021781",83,0,0,0,0,0,0,0,0,0,0,0,0,0,0,0,0,0,0,0,0,0,0,0,0,0,0,0,0,0
859,"DTXSID2021781",84,0,0,0,0,0,0,0,0,0,0,0,0,0,0,0,0,0,0,0,0,0,0,0,0,0,0,0,0,0
859,"DTXSID2021781",85,0,0,0,0,0,0,0,0,0,0,0,0,0,0,0,0,0,0,0,0,0,0,0,0,0,0,0,0,0
859,"DTXSID2021781",86,0,0,0,0,0,0,0,0,0,0,0,0,0,0,0,0,0,0,0,0,0,0,0,0,0,0,0,0,0
859,"DTXSID2021781",87,0,0,0,0,0,0,0,0,0,0,0,0,0,0,0,0,0,0,0,0,0,0,0,0,0,0,0,0,0
859,"DTXSID2021781",88,0,0,0,0,0,0,0,0,0,0,0,0,0,0,0,0,0,0,0,0,0,0,0,0,0,0,0,0,0
859,"DTXSID2021781",89,0,0,0,0,0,0,0,0,0,0,0,0,0,0,0,0,0,0,0,0,0,0,0,0,0,0,0,0,0
859,"DTXSID2021781",90,0,0,0,0,0,0,0,0,0,0,0,0,0,0,0,0,0,0,0,0,0,0,0,0,0,0,0,0,0
859,"DTXSID2021781",91,0,0,0,0,0,0,0,0,0,0,0,0,0,0,0,0,0,0,0,0,0,0,0,0,0,0,0,0,0
859,"DTXSID2021781",92,0,0,0,0,0,0,0,0,0,0,0,0,0,0,0,0,0,0,0,0,0,0,0,0,0,0,0,0,0
859,"DTXSID2021781",93,0,0,0,0,0,0,0,0,0,0,0,0,0,0,0,0,0,0,0,0,0,0,0,0,0,0,0,0,0
859,"DTXSID2021781",94,0,0,0,0,0,0,0,0,0,0,0,0,0,0,0,0,0,0,0,0,0,0,0,0,0,0,0,0,0
859,"DTXSID2021781",95,0,0,0,0,0,0,0,0,0,0,0,0,0,0,0,0,0,0,0,0,0,0,0,0,0,0,0,0,0
859,"DTXSID2021781",96,0,0,0,0,0,0,0,0,0,0,0,0,0,0,0,0,0,0,0,0,0,0,0,0,0,0,0,0,0
859,"DTXSID2021781",97,0,0,0,0,0,0,0,0,0,0,0,0,0,0,0,0,0,0,0,0,0,0,0,0,0,0,0,0,0
859,"DTXSID2021781",98,0,0,0,0,0,0,0,0,0,0,0,0,0,0,0,0,0,0,0,0,0,0,0,0,0,0,0,0,0
859,"DTXSID2021781",99,0,0,0,0,0,0,0,0,0,0,0,0,0,0,0,0,0,0,0,0,0,0,0,0,0,0,0,0,0
859,"DTXSID2021781",100,0,0,0,0,0,0,0,0,0,0,0,0,0,0,0,0,0,0,0,0,0,0,0,0,0,0,0,0,0
859,"DTXSID2021781",101,0,0,0,0,0,0,0,0,0,0,0,0,0,0,0,0,0,0,0,0,0,0,0,0,0,0,0,0,0
859,"DTXSID2021781",102,0,0,0,0,0,0,0,0,0,0,0,0,0,0,0,0,0,0,0,0,0,0,0,0,0,0,0,0,0
859,"DTXSID2021781",103,0,0,0,0,0,0,0,0,0,0,0,0,0,0,0,0,0,0,0,0,0,0,0,0,0,0,0,0,0
859,"DTXSID2021781",104,0,0,0,0,0,0,0,0,0,0,0,0,0,0,0,0,0,0,0,0,0,0,0,0,0,0,0,0,0
859,"DTXSID2021781",105,0,0,0,0,0,0,0,0,0,0,0,0,0,0,0,0,0,0,0,0,0,0,0,0,0,0,0,0,0
859,"DTXSID2021781",106,0,0,0,0,0,0,0,0,0,0,0,0,0,0,0,0,0,0,0,0,0,0,0,0,0,0,0,0,0
859,"DTXSID2021781",107,0,0,0,0,0,0,0,0,0,0,0,0,0,0,0,0,0,0,0,0,0,0,0,0,0,0,0,0,0
859,"DTXSID2021781",108,0,0,0,0,0,0,0,0,0,0,0,0,0,0,0,0,0,0,0,0,0,0,0,0,0,0,0,0,0
859,"DTXSID2021781",109,0,0,0,0,0,0,0,0,0,0,0,0,0,0,0,0,0,0,0,0,0,0,0,0,0,0,0,0,0
859,"DTXSID2021781",110,0,0,0,0,0,0,0,0,0,0,0,0,0,0,0,0,0,0,0,0,0,0,0,0,0,0,0,0,0
859,"DTXSID2021781",111,0,0,0,0,0,0,0,0,0,0,0,0,0,0,0,0,0,0,0,0,0,0,0,0,0,0,0,0,0
859,"DTXSID2021781",112,0,0,0,0,0,0,0,0,0,0,0,0,0,0,0,0,0,0,0,0,0,0,0,0,0,0,0,0,0
859,"DTXSID2021781",113,0,0,0,0,0,0,0,0,0,0,0,0,0,0,0,0,0,0,0,0,0,0,0,0,0,0,0,0,0
859,"DTXSID2021781",114,0,0,0,0,0,0,0,0,0,0,0,0,0,0,0,0,0,0,0,0,0,0,0,0,0,0,0,0,0
859,"DTXSID2021781",115,0,0,0,0,0,0,0,0,0,0,0,0,0,0,0,0,0,0,0,0,0,0,0,0,0,0,0,0,0
859,"DTXSID2021781",116,0,0,0,0,0,0,0,0,0,0,0,0,0,0,0,0,0,0,0,0,0,0,0,0,0,0,0,0,0
859,"DTXSID2021781",117,0,0,0,0,0,0,0,0,0,0,0,0,0,0,0,0,0,0,0,0,0,0,0,0,0,0,0,0,0
859,"DTXSID2021781",118,0,0,0,0,0,0,0,0,0,0,0,0,0,0,0,0,0,0,0,0,0,0,0,0,0,0,0,0,0
859,"DTXSID2021781",119,0,0,0,0,0,0,0,0,0,0,0,0,0,0,0,0,0,0,0,0,0,0,0,0,0,0,0,0,0
859,"DTXSID2021781",120,0,0,0,0,0,0,0,0,0,0,0,0,0,0,0,0,0,0,0,0,0,0,0,0,0,0,0,0,0
859,"DTXSID2021781",121,0,0,0,0,0,0,0,0,0,0,0,0,0,0,0,0,0,0,0,0,0,0,0,0,0,0,0,0,0
859,"DTXSID2021781",122,0,0,0,0,0,0,0,0,0,0,0,0,0,0,0,0,0,0,0,0,0,0,0,0,0,0,0,0,0
859,"DTXSID2021781",123,0,0,0,0,0,0,0,0,0,0,0,0,0,0,0,0,0,0,0,0,0,0,0,0,0,0,0,0,0
859,"DTXSID2021781",124,0,0,0,0,0,0,0,0,0,0,0,0,0,0,0,0,0,0,0,0,0,0,0,0,0,0,0,0,0
859,"DTXSID2021781",125,0,0,0,0,0,0,0,0,0,0,0,0,0,0,0,0,0,0,0,0,0,0,0,0,0,0,0,0,0
859,"DTXSID2021781",126,0,0,0,0,0,0,0,0,0,0,0,0,0,0,0,0,0,0,0,0,0,0,0,0,0,0,0,0,0
859,"DTXSID2021781",127,0,0,0,0,0,0,0,0,0,0,0,0,0,0,0,0,0,0,0,0,0,0,0,0,0,0,0,0,0
859,"DTXSID2021781",128,0,0,0,0,0,0,0,0,0,0,0,0,0,0,0,0,0,0,0,0,0,0,0,0,0,0,0,0,0
859,"DTXSID2021781",129,0,0,0,0,0,0,0,0,0,0,0,0,0,0,0,0,0,0,0,0,0,0,0,0,0,0,0,0,0
859,"DTXSID2021781",130,0,0,0,0,0,0,0,0,0,0,0,0,0,0,0,0,0,0,0,0,0,0,0,0,0,0,0,0,0
859,"DTXSID2021781",131,0,0,0,0,0,0,0,0,0,0,0,0,0,0,0,0,0,0,0,0,0,0,0,0,0,0,0,0,0
859,"DTXSID2021781",132,0,0,0,0,0,0,0,0,0,0,0,0,0,0,0,0,0,0,0,0,0,0,0,0,0,0,0,0,0
859,"DTXSID2021781",133,0,0,0,0,0,0,0,0,0,0,0,0,0,0,0,0,0,0,0,0,0,0,0,0,0,0,0,0,0
859,"DTXSID2021781",134,0,0,0,0,0,0,0,0,0,0,0,0,0,0,0,0,0,0,0,0,0,0,0,0,0,0,0,0,0
859,"DTXSID2021781",135,0,0,0,0,0,0,0,0,0,0,0,0,0,0,0,0,0,0,0,0,0,0,0,0,0,0,0,0,0
859,"DTXSID2021781",136,0,0,0,0,0,0,0,0,0,0,0,0,0,0,0,0,0,0,0,0,0,0,0,0,0,0,0,0,0
859,"DTXSID2021781",137,0,0,0,0,0,0,0,0,0,0,0,0,0,0,0,0,0,0,0,0,0,0,0,0,0,0,0,0,0
859,"DTXSID2021781",138,0,0,0,0,0,0,0,0,0,0,0,0,0,0,0,0,0,0,0,0,0,0,0,0,0,0,0,0,0
859,"DTXSID2021781",139,0,0,0,0,0,0,0,0,0,0,0,0,0,0,0,0,0,0,0,0,0,0,0,0,0,0,0,0,0
859,"DTXSID2021781",140,0,0,0,0,0,0,0,0,0,0,0,0,0,0,0,0,0,0,0,0,0,0,0,0,0,0,0,0,0
859,"DTXSID2021781",141,0,0,0,0,0,0,0,0,0,0,0,0,0,0,0,0,0,0,0,0,0,0,0,0,0,0,0,0,0
859,"DTXSID2021781",142,0,0,0,0,0,0,0,0,0,0,0,0,0,0,0,0,0,0,0,0,0,0,0,0,0,0,0,0,0
859,"DTXSID2021781",143,0,0,0,0,0,0,0,0,0,0,0,0,0,0,0,0,0,0,0,0,0,0,0,0,0,0,0,0,0
859,"DTXSID2021781",144,0,0,0,0,0,0,0,0,0,0,0,0,0,0,0,0,0,0,0,0,0,0,0,0,0,0,0,0,0
859,"DTXSID2021781",145,0,0,0,0,0,0,0,0,0,0,0,0,0,0,0,0,0,0,0,0,0,0,0,0,0,0,0,0,0
859,"DTXSID2021781",146,0,0,0,0,0,0,0,0,0,0,0,0,0,0,0,0,0,0,0,0,0,0,0,0,0,0,0,0,0
859,"DTXSID2021781",147,0,0,0,0,0,0,0,0,0,0,0,0,0,0,0,0,0,0,0,0,0,0,0,0,0,0,0,0,0
859,"DTXSID2021781",148,0,0,0,0,0,0,0,0,0,0,0,0,0,0,0,0,0,0,0,0,0,0,0,0,0,0,0,0,0
859,"DTXSID2021781",149,0,0,0,0,0,0,0,0,0,0,0,0,0,0,0,0,0,0,0,0,0,0,0,0,0,0,0,0,0
859,"DTXSID2021781",150,0,0,0,0,0,0,0,0,0,0,0,0,0,0,0,0,0,0,0,0,0,0,0,0,0,0,0,0,0
859,"DTXSID2021781",151,0,0,0,0,0,0,0,0,0,0,0,0,0,0,0,0,0,0,0,0,0,0,0,0,0,0,0,0,0
859,"DTXSID2021781",152,0,0,0,0,0,0,0,0,0,0,0,0,0,0,0,0,0,0,0,0,0,0,0,0,0,0,0,0,0
859,"DTXSID2021781",153,0,0,0,0,0,0,0,0,0,0,0,0,0,0,0,0,0,0,0,0,0,0,0,0,0,0,0,0,0
859,"DTXSID2021781",154,0,0,0,0,0,0,0,0,0,0,0,0,0,0,0,0,0,0,0,0,0,0,0,0,0,0,0,0,0
859,"DTXSID2021781",155,0,0,0,0,0,0,0,0,0,0,0,0,0,0,0,0,0,0,0,0,0,0,0,0,0,0,0,0,0
859,"DTXSID2021781",156,0,0,0,0,0,0,0,0,0,0,0,0,0,0,0,0,0,0,0,0,0,0,0,0,0,0,0,0,0
859,"DTXSID2021781",157,0,0,0,0,0,0,0,0,0,0,0,0,0,0,0,0,0,0,0,0,0,0,0,0,0,0,0,0,0
859,"DTXSID2021781",158,0,0,0,0,0,0,0,0,0,0,0,0,0,0,0,0,0,0,0,0,0,0,0,0,0,0,0,0,0
859,"DTXSID2021781",159,0,0,0,0,0,0,0,0,0,0,0,0,0,0,0,0,0,0,0,0,0,0,0,0,0,0,0,0,0
859,"DTXSID2021781",160,0,0,0,0,0,0,0,0,0,0,0,0,0,0,0,0,0,0,0,0,0,0,0,0,0,0,0,0,0
859,"DTXSID2021781",161,0,0,0,0,0,0,0,0,0,0,0,0,0,0,0,0,0,0,0,0,0,0,0,0,0,0,0,0,0
859,"DTXSID2021781",162,0,0,0,0,0,0,0,0,0,0,0,0,0,0,0,0,0,0,0,0,0,0,0,0,0,0,0,0,0
859,"DTXSID2021781",163,0,0,0,0,0,0,0,0,0,0,0,0,0,0,0,0,0,0,0,0,0,0,0,0,0,0,0,0,0
859,"DTXSID2021781",164,0,0,0,0,0,0,0,0,0,0,0,0,0,0,0,0,0,0,0,0,0,0,0,0,0,0,0,0,0
859,"DTXSID2021781",165,0,0,0,0,0,0,0,0,0,0,0,0,0,0,0,0,0,0,0,0,0,0,0,0,0,0,0,0,0
859,"DTXSID2021781",166,0,0,0,0,0,0,0,0,0,0,0,0,0,0,0,0,0,0,0,0,0,0,0,0,0,0,0,0,0
859,"DTXSID2021781",167,0,0,0,0,0,0,0,0,0,0,0,0,0,0,0,0,0,0,0,0,0,0,0,0,0,0,0,0,0
859,"DTXSID2021781",168,0,0,0,0,0,0,0,0,0,0,0,0,0,0,0,0,0,0,0,0,0,0,0,0,0,0,0,0,0
859,"DTXSID2021781",169,0,0,0,0,0,0,0,0,0,0,0,0,0,0,0,0,0,0,0,0,0,0,0,0,0,0,0,0,0
859,"DTXSID2021781",170,0,0,0,0,0,0,0,0,0,0,0,0,0,0,0,0,0,0,0,0,0,0,0,0,0,0,0,0,0
859,"DTXSID2021781",171,0,0,0,0,0,0,0,0,0,0,0,0,0,0,0,0,0,0,0,0,0,0,0,0,0,0,0,0,0
859,"DTXSID2021781",172,0,0,0,0,0,0,0,0,0,0,0,0,0,0,0,0,0,0,0,0,0,0,0,0,0,0,0,0,0
859,"DTXSID2021781",173,0,0,0,0,0,0,0,0,0,0,0,0,0,0,0,0,0,0,0,0,0,0,0,0,0,0,0,0,0
859,"DTXSID2021781",174,0,0,0,0,0,0,0,0,0,0,0,0,0,0,0,0,0,0,0,0,0,0,0,0,0,0,0,0,0
859,"DTXSID2021781",175,0,0,0,0,0,0,0,0,0,0,0,0,0,0,0,0,0,0,0,0,0,0,0,0,0,0,0,0,0
859,"DTXSID2021781",176,0,0,0,0,0,0,0,0,0,0,0,0,0,0,0,0,0,0,0,0,0,0,0,0,0,0,0,0,0
859,"DTXSID2021781",177,0,0,0,0,0,0,0,0,0,0,0,0,0,0,0,0,0,0,0,0,0,0,0,0,0,0,0,0,0
859,"DTXSID2021781",178,0,0,0,0,0,0,0,0,0,0,0,0,0,0,0,0,0,0,0,0,0,0,0,0,0,0,0,0,0
859,"DTXSID2021781",179,0,0,0,0,0,0,0,0,0,0,0,0,0,0,0,0,0,0,0,0,0,0,0,0,0,0,0,0,0
859,"DTXSID2021781",180,0,0,0,0,0,0,0,0,0,0,0,0,0,0,0,0,0,0,0,0,0,0,0,0,0,0,0,0,0
859,"DTXSID2021781",181,0,0,0,0,0,0,0,0,0,0,0,0,0,0,0,0,0,0,0,0,0,0,0,0,0,0,0,0,0
859,"DTXSID2021781",182,0,0,0,0,0,0,0,0,0,0,0,0,0,0,0,0,0,0,0,0,0,0,0,0,0,0,0,0,0
859,"DTXSID2021781",183,0,0,0,0,0,0,0,0,0,0,0,0,0,0,0,0,0,0,0,0,0,0,0,0,0,0,0,0,0
859,"DTXSID2021781",184,0,0,0,0,0,0,0,0,0,0,0,0,0,0,0,0,0,0,0,0,0,0,0,0,0,0,0,0,0
859,"DTXSID2021781",185,0,0,0,0,0,0,0,0,0,0,0,0,0,0,0,0,0,0,0,0,0,0,0,0,0,0,0,0,0
859,"DTXSID2021781",186,0,0,0,0,0,0,0,0,0,0,0,0,0,0,0,0,0,0,0,0,0,0,0,0,0,0,0,0,0
859,"DTXSID2021781",187,0,0,0,0,0,0,0,0,0,0,0,0,0,0,0,0,0,0,0,0,0,0,0,0,0,0,0,0,0
859,"DTXSID2021781",188,0,0,0,0,0,0,0,0,0,0,0,0,0,0,0,0,0,0,0,0,0,0,0,0,0,0,0,0,0
859,"DTXSID2021781",189,0,0,0,0,0,0,0,0,0,0,0,0,0,0,0,0,0,0,0,0,0,0,0,0,0,0,0,0,0
859,"DTXSID2021781",190,0,0,0,0,0,0,0,0,0,0,0,0,0,0,0,0,0,0,0,0,0,0,0,0,0,0,0,0,0
859,"DTXSID2021781",191,0,0,0,0,0,0,0,0,0,0,0,0,0,0,0,0,0,0,0,0,0,0,0,0,0,0,0,0,0
859,"DTXSID2021781",192,0,0,0,0,0,0,0,0,0,0,0,0,0,0,0,0,0,0,0,0,0,0,0,0,0,0,0,0,0
859,"DTXSID2021781",193,0,0,0,0,0,0,0,0,0,0,0,0,0,0,0,0,0,0,0,0,0,0,0,0,0,0,0,0,0
859,"DTXSID2021781",194,0,0,0,0,0,0,0,0,0,0,0,0,0,0,0,0,0,0,0,0,0,0,0,0,0,0,0,0,0
859,"DTXSID2021781",195,0,0,0,0,0,0,0,0,0,0,0,0,0,0,0,0,0,0,0,0,0,0,0,0,0,0,0,0,0
859,"DTXSID2021781",196,0,0,0,0,0,0,0,0,0,0,0,0,0,0,0,0,0,0,0,0,0,0,0,0,0,0,0,0,0
859,"DTXSID2021781",197,0,0,0,0,0,0,0,0,0,0,0,0,0,0,0,0,0,0,0,0,0,0,0,0,0,0,0,0,0
859,"DTXSID2021781",198,0,0,0,0,0,0,0,0,0,0,0,0,0,0,0,0,0,0,0,0,0,0,0,0,0,0,0,0,0
859,"DTXSID2021781",199,0,0,0,0,0,0,0,0,0,0,0,0,0,0,0,0,0,0,0,0,0,0,0,0,0,0,0,0,0
859,"DTXSID2021781",200,0,0,0,0,0,0,0,0,0,0,0,0,0,0,0,0,0,0,0,0,0,0,0,0,0,0,0,0,0
859,"DTXSID2021781",201,0,0,0,0,0,0,0,0,0,0,0,0,0,0,0,0,0,0,0,0,0,0,0,0,0,0,0,0,0
859,"DTXSID2021781",202,0,0,0,0,0,0,0,0,0,0,0,0,0,0,0,0,0,0,0,0,0,0,0,0,0,0,0,0,0
859,"DTXSID2021781",203,0,0,0,0,0,0,0,0,0,0,0,0,0,0,0,0,0,0,0,0,0,0,0,0,0,0,0,0,0
859,"DTXSID2021781",204,0,0,0,0,0,0,0,0,0,0,0,0,0,0,0,0,0,0,0,0,0,0,0,0,0,0,0,0,0
859,"DTXSID2021781",205,0,0,0,0,0,0,0,0,0,0,0,0,0,0,0,0,0,0,0,0,0,0,0,0,0,0,0,0,0
859,"DTXSID2021781",206,0,0,0,0,0,0,0,0,0,0,0,0,0,0,0,0,0,0,0,0,0,0,0,0,0,0,0,0,0
859,"DTXSID2021781",207,0,0,0,0,0,0,0,0,0,0,0,0,0,0,0,0,0,0,0,0,0,0,0,0,0,0,0,0,0
859,"DTXSID2021781",208,0,0,0,0,0,0,0,0,0,0,0,0,0,0,0,0,0,0,0,0,0,0,0,0,0,0,0,0,0
859,"DTXSID2021781",209,0,0,0,0,0,0,0,0,0,0,0,0,0,0,0,0,0,0,0,0,0,0,0,0,0,0,0,0,0
859,"DTXSID2021781",210,0,0,0,0,0,0,0,0,0,0,0,0,0,0,0,0,0,0,0,0,0,0,0,0,0,0,0,0,0
859,"DTXSID2021781",211,0,0,0,0,0,0,0,0,0,0,0,0,0,0,0,0,0,0,0,0,0,0,0,0,0,0,0,0,0
859,"DTXSID2021781",212,0,0,0,0,0,0,0,0,0,0,0,0,0,0,0,0,0,0,0,0,0,0,0,0,0,0,0,0,0
859,"DTXSID2021781",213,0,0,0,0,0,0,0,0,0,0,0,0,0,0,0,0,0,0,0,0,0,0,0,0,0,0,0,0,0
859,"DTXSID2021781",214,0,0,0,0,0,0,0,0,0,0,0,0,0,0,0,0,0,0,0,0,0,0,0,0,0,0,0,0,0
859,"DTXSID2021781",215,0,0,0,0,0,0,0,0,0,0,0,0,0,0,0,0,0,0,0,0,0,0,0,0,0,0,0,0,0
859,"DTXSID2021781",216,0,0,0,0,0,0,0,0,0,0,0,0,0,0,0,0,0,0,0,0,0,0,0,0,0,0,0,0,0
859,"DTXSID2021781",217,0,0,0,0,0,0,0,0,0,0,0,0,0,0,0,0,0,0,0,0,0,0,0,0,0,0,0,0,0
859,"DTXSID2021781",218,0,0,0,0,0,0,0,0,0,0,0,0,0,0,0,0,0,0,0,0,0,0,0,0,0,0,0,0,0
859,"DTXSID2021781",219,0,0,0,0,0,0,0,0,0,0,0,0,0,0,0,0,0,0,0,0,0,0,0,0,0,0,0,0,0
859,"DTXSID2021781",220,0,0,0,0,0,0,0,0,0,0,0,0,0,0,0,0,0,0,0,0,0,0,0,0,0,0,0,0,0
859,"DTXSID2021781",221,0,0,0,0,0,0,0,0,0,0,0,0,0,0,0,0,0,0,0,0,0,0,0,0,0,0,0,0,0
859,"DTXSID2021781",222,0,0,0,0,0,0,0,0,0,0,0,0,0,0,0,0,0,0,0,0,0,0,0,0,0,0,0,0,0
859,"DTXSID2021781",223,0,0,0,0,0,0,0,0,0,0,0,0,0,0,0,0,0,0,0,0,0,0,0,0,0,0,0,0,0
859,"DTXSID2021781",224,0,0,0,0,0,0,0,0,0,0,0,0,0,0,0,0,0,0,0,0,0,0,0,0,0,0,0,0,0
859,"DTXSID2021781",225,0,0,0,0,0,0,0,0,0,0,0,0,0,0,0,0,0,0,0,0,0,0,0,0,0,0,0,0,0
859,"DTXSID2021781",226,0,0,0,0,0,0,0,0,0,0,0,0,0,0,0,0,0,0,0,0,0,0,0,0,0,0,0,0,0
859,"DTXSID2021781",227,0,0,0,0,0,0,0,0,0,0,0,0,0,0,0,0,0,0,0,0,0,0,0,0,0,0,0,0,0
859,"DTXSID2021781",228,0,0,0,0,0,0,0,0,0,0,0,0,0,0,0,0,0,0,0,0,0,0,0,0,0,0,0,0,0
859,"DTXSID2021781",229,0,0,0,0,0,0,0,0,0,0,0,0,0,0,0,0,0,0,0,0,0,0,0,0,0,0,0,0,0
859,"DTXSID2021781",230,0,0,0,0,0,0,0,0,0,0,0,0,0,0,0,0,0,0,0,0,0,0,0,0,0,0,0,0,0
859,"DTXSID2021781",231,0,0,0,0,0,0,0,0,0,0,0,0,0,0,0,0,0,0,0,0,0,0,0,0,0,0,0,0,0
859,"DTXSID2021781",232,0,0,0,0,0,0,0,0,0,0,0,0,0,0,0,0,0,0,0,0,0,0,0,0,0,0,0,0,0
859,"DTXSID2021781",233,0,0,0,0,0,0,0,0,0,0,0,0,0,0,0,0,0,0,0,0,0,0,0,0,0,0,0,0,0
859,"DTXSID2021781",234,0,0,0,0,0,0,0,0,0,0,0,0,0,0,0,0,0,0,0,0,0,0,0,0,0,0,0,0,0
859,"DTXSID2021781",235,0,0,0,0,0,0,0,0,0,0,0,0,0,0,0,0,0,0,0,0,0,0,0,0,0,0,0,0,0
859,"DTXSID2021781",236,0,0,0,0,0,0,0,0,0,0,0,0,0,0,0,0,0,0,0,0,0,0,0,0,0,0,0,0,0
859,"DTXSID2021781",237,0,0,0,0,0,0,0,0,0,0,0,0,0,0,0,0,0,0,0,0,0,0,0,0,0,0,0,0,0
859,"DTXSID2021781",238,0,0,0,0,0,0,0,0,0,0,0,0,0,0,0,0,0,0,0,0,0,0,0,0,0,0,0,0,0
859,"DTXSID2021781",239,0,0,0,0,0,0,0,0,0,0,0,0,0,0,0,0,0,0,0,0,0,0,0,0,0,0,0,0,0
859,"DTXSID2021781",240,0,0,0,0,0,0,0,0,0,0,0,0,0,0,0,0,0,0,0,0,0,0,0,0,0,0,0,0,0
859,"DTXSID2021781",241,0,0,0,0,0,0,0,0,0,0,0,0,0,0,0,0,0,0,0,0,0,0,0,0,0,0,0,0,0
859,"DTXSID2021781",242,0,0,0,0,0,0,0,0,0,0,0,0,0,0,0,0,0,0,0,0,0,0,0,0,0,0,0,0,0
859,"DTXSID2021781",243,0,0,0,0,0,0,0,0,0,0,0,0,0,0,0,0,0,0,0,0,0,0,0,0,0,0,0,0,0
859,"DTXSID2021781",244,0,0,0,0,0,0,0,0,0,0,0,0,0,0,0,0,0,0,0,0,0,0,0,0,0,0,0,0,0
859,"DTXSID2021781",245,0,0,0,0,0,0,0,0,0,0,0,0,0,0,0,0,0,0,0,0,0,0,0,0,0,0,0,0,0
859,"DTXSID2021781",246,0,0,0,0,0,0,0,0,0,0,0,0,0,0,0,0,0,0,0,0,0,0,0,0,0,0,0,0,0
859,"DTXSID2021781",247,0,0,0,0,0,0,0,0,0,0,0,0,0,0,0,0,0,0,0,0,0,0,0,0,0,0,0,0,0
859,"DTXSID2021781",248,0,0,0,0,0,0,0,0,0,0,0,0,0,0,0,0,0,0,0,0,0,0,0,0,0,0,0,0,0
859,"DTXSID2021781",249,0,0,0,0,0,0,0,0,0,0,0,0,0,0,0,0,0,0,0,0,0,0,0,0,0,0,0,0,0
859,"DTXSID2021781",250,0,0,0,0,0,0,0,0,0,0,0,0,0,0,0,0,0,0,0,0,0,0,0,0,0,0,0,0,0
859,"DTXSID2021781",251,0,0,0,0,0,0,0,0,0,0,0,0,0,0,0,0,0,0,0,0,0,0,0,0,0,0,0,0,0
859,"DTXSID2021781",252,0,0,0,0,0,0,0,0,0,0,0,0,0,0,0,0,0,0,0,0,0,0,0,0,0,0,0,0,0
859,"DTXSID2021781",253,0,0,0,0,0,0,0,0,0,0,0,0,0,0,0,0,0,0,0,0,0,0,0,0,0,0,0,0,0
859,"DTXSID2021781",254,0,0,0,0,0,0,0,0,0,0,0,0,0,0,0,0,0,0,0,0,0,0,0,0,0,0,0,0,0
859,"DTXSID2021781",255,0,0,0,0,0,0,0,0,0,0,0,0,0,0,0,0,0,0,0,0,0,0,0,0,0,0,0,0,0
859,"DTXSID2021781",256,0,0,0,0,0,0,0,0,0,0,0,0,0,0,0,0,0,0,0,0,0,0,0,0,0,0,0,0,0
859,"DTXSID2021781",257,0,0,0,0,0,0,0,0,0,0,0,0,0,0,0,0,0,0,0,0,0,0,0,0,0,0,0,0,0
859,"DTXSID2021781",258,0,0,0,0,0,0,0,0,0,0,0,0,0,0,0,0,0,0,0,0,0,0,0,0,0,0,0,0,0
859,"DTXSID2021781",259,0,0,0,0,0,0,0,0,0,0,0,0,0,0,0,0,0,0,0,0,0,0,0,0,0,0,0,0,0
859,"DTXSID2021781",260,0,0,0,0,0,0,0,0,0,0,0,0,0,0,0,0,0,0,0,0,0,0,0,0,0,0,0,0,0
859,"DTXSID2021781",261,0,0,0,0,0,0,0,0,0,0,0,0,0,0,0,0,0,0,0,0,0,0,0,0,0,0,0,0,0
859,"DTXSID2021781",262,0,0,0,0,0,0,0,0,0,0,0,0,0,0,0,0,0,0,0,0,0,0,0,0,0,0,0,0,0
859,"DTXSID2021781",263,0,0,0,0,0,0,0,0,0,0,0,0,0,0,0,0,0,0,0,0,0,0,0,0,0,0,0,0,0
859,"DTXSID2021781",264,0,0,0,0,0,0,0,0,0,0,0,0,0,0,0,0,0,0,0,0,0,0,0,0,0,0,0,0,0
859,"DTXSID2021781",265,0,0,0,0,0,0,0,0,0,0,0,0,0,0,0,0,0,0,0,0,0,0,0,0,0,0,0,0,0
859,"DTXSID2021781",266,0,0,0,0,0,0,0,0,0,0,0,0,0,0,0,0,0,0,0,0,0,0,0,0,0,0,0,0,0
859,"DTXSID2021781",267,0,0,0,0,0,0,0,0,0,0,0,0,0,0,0,0,0,0,0,0,0,0,0,0,0,0,0,0,0
859,"DTXSID2021781",268,0,0,0,0,0,0,0,0,0,0,0,0,0,0,0,0,0,0,0,0,0,0,0,0,0,0,0,0,0
859,"DTXSID2021781",269,0,0,0,0,0,0,0,0,0,0,0,0,0,0,0,0,0,0,0,0,0,0,0,0,0,0,0,0,0
859,"DTXSID2021781",270,0,0,0,0,0,0,0,0,0,0,0,0,0,0,0,0,0,0,0,0,0,0,0,0,0,0,0,0,0
859,"DTXSID2021781",271,0,0,0,0,0,0,0,0,0,0,0,0,0,0,0,0,0,0,0,0,0,0,0,0,0,0,0,0,0
859,"DTXSID2021781",272,0,0,0,0,0,0,0,0,0,0,0,0,0,0,0,0,0,0,0,0,0,0,0,0,0,0,0,0,0
859,"DTXSID2021781",273,0,0,0,0,0,0,0,0,0,0,0,0,0,0,0,0,0,0,0,0,0,0,0,0,0,0,0,0,0
859,"DTXSID2021781",274,0,0,0,0,0,0,0,0,0,0,0,0,0,0,0,0,0,0,0,0,0,0,0,0,0,0,0,0,0
859,"DTXSID2021781",275,0,0,0,0,0,0,0,0,0,0,0,0,0,0,0,0,0,0,0,0,0,0,0,0,0,0,0,0,0
859,"DTXSID2021781",276,0,0,0,0,0,0,0,0,0,0,0,0,0,0,0,0,0,0,0,0,0,0,0,0,0,0,0,0,0
859,"DTXSID2021781",277,0,0,0,0,0,0,0,0,0,0,0,0,0,0,0,0,0,0,0,0,0,0,0,0,0,0,0,0,0
859,"DTXSID2021781",278,0,0,0,0,0,0,0,0,0,0,0,0,0,0,0,0,0,0,0,0,0,0,0,0,0,0,0,0,0
859,"DTXSID2021781",279,0,0,0,0,0,0,0,0,0,0,0,0,0,0,0,0,0,0,0,0,0,0,0,0,0,0,0,0,0
859,"DTXSID2021781",280,0,0,0,0,0,0,0,0,0,0,0,0,0,0,0,0,0,0,0,0,0,0,0,0,0,0,0,0,0
859,"DTXSID2021781",281,0,0,0,0,0,0,0,0,0,0,0,0,0,0,0,0,0,0,0,0,0,0,0,0,0,0,0,0,0
859,"DTXSID2021781",282,0,0,0,0,0,0,0,0,0,0,0,0,0,0,0,0,0,0,0,0,0,0,0,0,0,0,0,0,0
859,"DTXSID2021781",283,0,0,0,0,0,0,0,0,0,0,0,0,0,0,0,0,0,0,0,0,0,0,0,0,0,0,0,0,0
859,"DTXSID2021781",284,0,0,0,0,0,0,0,0,0,0,0,0,0,0,0,0,0,0,0,0,0,0,0,0,0,0,0,0,0
859,"DTXSID2021781",285,0,0,0,0,0,0,0,0,0,0,0,0,0,0,0,0,0,0,0,0,0,0,0,0,0,0,0,0,0
859,"DTXSID2021781",286,0,0,0,0,0,0,0,0,0,0,0,0,0,0,0,0,0,0,0,0,0,0,0,0,0,0,0,0,0
859,"DTXSID2021781",287,0,0,0,0,0,0,0,0,0,0,0,0,0,0,0,0,0,0,0,0,0,0,0,0,0,0,0,0,0
859,"DTXSID2021781",288,0,0,0,0,0,0,0,0,0,0,0,0,0,0,0,0,0,0,0,0,0,0,0,0,0,0,0,0,0
859,"DTXSID2021781",289,0,0,0,0,0,0,0,0,0,0,0,0,0,0,0,0,0,0,0,0,0,0,0,0,0,0,0,0,0
859,"DTXSID2021781",290,0,0,0,0,0,0,0,0,0,0,0,0,0,0,0,0,0,0,0,0,0,0,0,0,0,0,0,0,0
859,"DTXSID2021781",291,0,0,0,0,0,0,0,0,0,0,0,0,0,0,0,0,0,0,0,0,0,0,0,0,0,0,0,0,0
859,"DTXSID2021781",292,0,0,0,0,0,0,0,0,0,0,0,0,0,0,0,0,0,0,0,0,0,0,0,0,0,0,0,0,0
859,"DTXSID2021781",293,0,0,0,0,0,0,0,0,0,0,0,0,0,0,0,0,0,0,0,0,0,0,0,0,0,0,0,0,0
859,"DTXSID2021781",294,0,0,0,0,0,0,0,0,0,0,0,0,0,0,0,0,0,0,0,0,0,0,0,0,0,0,0,0,0
859,"DTXSID2021781",295,0,0,0,0,0,0,0,0,0,0,0,0,0,0,0,0,0,0,0,0,0,0,0,0,0,0,0,0,0
859,"DTXSID2021781",296,0,0,0,0,0,0,0,0,0,0,0,0,0,0,0,0,0,0,0,0,0,0,0,0,0,0,0,0,0
859,"DTXSID2021781",297,0,0,0,0,0,0,0,0,0,0,0,0,0,0,0,0,0,0,0,0,0,0,0,0,0,0,0,0,0
859,"DTXSID2021781",298,0,0,0,0,0,0,0,0,0,0,0,0,0,0,0,0,0,0,0,0,0,0,0,0,0,0,0,0,0
859,"DTXSID2021781",299,0,0,0,0,0,0,0,0,0,0,0,0,0,0,0,0,0,0,0,0,0,0,0,0,0,0,0,0,0
859,"DTXSID2021781",300,0,0,0,0,0,0,0,0,0,0,0,0,0,0,0,0,0,0,0,0,0,0,0,0,0,0,0,0,0
859,"DTXSID2021781",301,0,0,0,0,0,0,0,0,0,0,0,0,0,0,0,0,0,0,0,0,0,0,0,0,0,0,0,0,0
859,"DTXSID2021781",302,0,0,0,0,0,0,0,0,0,0,0,0,0,0,0,0,0,0,0,0,0,0,0,0,0,0,0,0,0
859,"DTXSID2021781",303,0,0,0,0,0,0,0,0,0,0,0,0,0,0,0,0,0,0,0,0,0,0,0,0,0,0,0,0,0
859,"DTXSID2021781",304,0,0,0,0,0,0,0,0,0,0,0,0,0,0,0,0,0,0,0,0,0,0,0,0,0,0,0,0,0
859,"DTXSID2021781",305,0,0,0,0,0,0,0,0,0,0,0,0,0,0,0,0,0,0,0,0,0,0,0,0,0,0,0,0,0
859,"DTXSID2021781",306,0,0,0,0,0,0,0,0,0,0,0,0,0,0,0,0,0,0,0,0,0,0,0,0,0,0,0,0,0
859,"DTXSID2021781",307,0,0,0,0,0,0,0,0,0,0,0,0,0,0,0,0,0,0,0,0,0,0,0,0,0,0,0,0,0
859,"DTXSID2021781",308,0,0,0,0,0,0,0,0,0,0,0,0,0,0,0,0,0,0,0,0,0,0,0,0,0,0,0,0,0
859,"DTXSID2021781",309,0,0,0,0,0,0,0,0,0,0,0,0,0,0,0,0,0,0,0,0,0,0,0,0,0,0,0,0,0
859,"DTXSID2021781",310,0,0,0,0,0,0,0,0,0,0,0,0,0,0,0,0,0,0,0,0,0,0,0,0,0,0,0,0,0
859,"DTXSID2021781",311,0,0,0,0,0,0,0,0,0,0,0,0,0,0,0,0,0,0,0,0,0,0,0,0,0,0,0,0,0
859,"DTXSID2021781",312,0,0,0,0,0,0,0,0,0,0,0,0,0,0,0,0,0,0,0,0,0,0,0,0,0,0,0,0,0
859,"DTXSID2021781",313,0,0,0,0,0,0,0,0,0,0,0,0,0,0,0,0,0,0,0,0,0,0,0,0,0,0,0,0,0
859,"DTXSID2021781",314,0,0,0,0,0,0,0,0,0,0,0,0,0,0,0,0,0,0,0,0,0,0,0,0,0,0,0,0,0
859,"DTXSID2021781",315,0,0,0,0,0,0,0,0,0,0,0,0,0,0,0,0,0,0,0,0,0,0,0,0,0,0,0,0,0
859,"DTXSID2021781",316,0,0,0,0,0,0,0,0,0,0,0,0,0,0,0,0,0,0,0,0,0,0,0,0,0,0,0,0,0
859,"DTXSID2021781",317,0,0,0,0,0,0,0,0,0,0,0,0,0,0,0,0,0,0,0,0,0,0,0,0,0,0,0,0,0
859,"DTXSID2021781",318,0,0,0,0,0,0,0,0,0,0,0,0,0,0,0,0,0,0,0,0,0,0,0,0,0,0,0,0,0
859,"DTXSID2021781",319,0,0,0,0,0,0,0,0,0,0,0,0,0,0,0,0,0,0,0,0,0,0,0,0,0,0,0,0,0
859,"DTXSID2021781",320,0,0,0,0,0,0,0,0,0,0,0,0,0,0,0,0,0,0,0,0,0,0,0,0,0,0,0,0,0
859,"DTXSID2021781",321,0,0,0,0,0,0,0,0,0,0,0,0,0,0,0,0,0,0,0,0,0,0,0,0,0,0,0,0,0
859,"DTXSID2021781",322,0,0,0,0,0,0,0,0,0,0,0,0,0,0,0,0,0,0,0,0,0,0,0,0,0,0,0,0,0
859,"DTXSID2021781",323,0,0,0,0,0,0,0,0,0,0,0,0,0,0,0,0,0,0,0,0,0,0,0,0,0,0,0,0,0
859,"DTXSID2021781",324,0,0,0,0,0,0,0,0,0,0,0,0,0,0,0,0,0,0,0,0,0,0,0,0,0,0,0,0,0
859,"DTXSID2021781",325,0,0,0,0,0,0,0,0,0,0,0,0,0,0,0,0,0,0,0,0,0,0,0,0,0,0,0,0,0
859,"DTXSID2021781",326,0,0,0,0,0,0,0,0,0,0,0,0,0,0,0,0,0,0,0,0,0,0,0,0,0,0,0,0,0
859,"DTXSID2021781",327,0,0,0,0,0,0,0,0,0,0,0,0,0,0,0,0,0,0,0,0,0,0,0,0,0,0,0,0,0
859,"DTXSID2021781",328,0,0,0,0,0,0,0,0,0,0,0,0,0,0,0,0,0,0,0,0,0,0,0,0,0,0,0,0,0
859,"DTXSID2021781",329,0,0,0,0,0,0,0,0,0,0,0,0,0,0,0,0,0,0,0,0,0,0,0,0,0,0,0,0,0
859,"DTXSID2021781",330,0,0,0,0,0,0,0,0,0,0,0,0,0,0,0,0,0,0,0,0,0,0,0,0,0,0,0,0,0
859,"DTXSID2021781",331,0,0,0,0,0,0,0,0,0,0,0,0,0,0,0,0,0,0,0,0,0,0,0,0,0,0,0,0,0
859,"DTXSID2021781",332,0,0,0,0,0,0,0,0,0,0,0,0,0,0,0,0,0,0,0,0,0,0,0,0,0,0,0,0,0
859,"DTXSID2021781",333,0,0,0,0,0,0,0,0,0,0,0,0,0,0,0,0,0,0,0,0,0,0,0,0,0,0,0,0,0
859,"DTXSID2021781",334,0,0,0,0,0,0,0,0,0,0,0,0,0,0,0,0,0,0,0,0,0,0,0,0,0,0,0,0,0
859,"DTXSID2021781",335,0,0,0,0,0,0,0,0,0,0,0,0,0,0,0,0,0,0,0,0,0,0,0,0,0,0,0,0,0
859,"DTXSID2021781",336,0,0,0,0,0,0,0,0,0,0,0,0,0,0,0,0,0,0,0,0,0,0,0,0,0,0,0,0,0
859,"DTXSID2021781",337,0,0,0,0,0,0,0,0,0,0,0,0,0,0,0,0,0,0,0,0,0,0,0,0,0,0,0,0,0
859,"DTXSID2021781",338,0,0,0,0,0,0,0,0,0,0,0,0,0,0,0,0,0,0,0,0,0,0,0,0,0,0,0,0,0
859,"DTXSID2021781",339,0,0,0,0,0,0,0,0,0,0,0,0,0,0,0,0,0,0,0,0,0,0,0,0,0,0,0,0,0
859,"DTXSID2021781",340,0,0,0,0,0,0,0,0,0,0,0,0,0,0,0,0,0,0,0,0,0,0,0,0,0,0,0,0,0
859,"DTXSID2021781",341,0,0,0,0,0,0,0,0,0,0,0,0,0,0,0,0,0,0,0,0,0,0,0,0,0,0,0,0,0
859,"DTXSID2021781",342,0,0,0,0,0,0,0,0,0,0,0,0,0,0,0,0,0,0,0,0,0,0,0,0,0,0,0,0,0
859,"DTXSID2021781",343,0,0,0,0,0,0,0,0,0,0,0,0,0,0,0,0,0,0,0,0,0,0,0,0,0,0,0,0,0
859,"DTXSID2021781",344,0,0,0,0,0,0,0,0,0,0,0,0,0,0,0,0,0,0,0,0,0,0,0,0,0,0,0,0,0
859,"DTXSID2021781",345,0,0,0,0,0,0,0,0,0,0,0,0,0,0,0,0,0,0,0,0,0,0,0,0,0,0,0,0,0
859,"DTXSID2021781",346,0,0,0,0,0,0,0,0,0,0,0,0,0,0,0,0,0,0,0,0,0,0,0,0,0,0,0,0,0
859,"DTXSID2021781",347,0,0,0,0,0,0,0,0,0,0,0,0,0,0,0,0,0,0,0,0,0,0,0,0,0,0,0,0,0
859,"DTXSID2021781",348,0,0,0,0,0,0,0,0,0,0,0,0,0,0,0,0,0,0,0,0,0,0,0,0,0,0,0,0,0
859,"DTXSID2021781",349,0,0,0,0,0,0,0,0,0,0,0,0,0,0,0,0,0,0,0,0,0,0,0,0,0,0,0,0,0
859,"DTXSID2021781",350,0,0,0,0,0,0,0,0,0,0,0,0,0,0,0,0,0,0,0,0,0,0,0,0,0,0,0,0,0
859,"DTXSID2021781",351,0,0,0,0,0,0,0,0,0,0,0,0,0,0,0,0,0,0,0,0,0,0,0,0,0,0,0,0,0
859,"DTXSID2021781",352,0,0,0,0,0,0,0,0,0,0,0,0,0,0,0,0,0,0,0,0,0,0,0,0,0,0,0,0,0
859,"DTXSID2021781",353,0,0,0,0,0,0,0,0,0,0,0,0,0,0,0,0,0,0,0,0,0,0,0,0,0,0,0,0,0
859,"DTXSID2021781",354,0,0,0,0,0,0,0,0,0,0,0,0,0,0,0,0,0,0,0,0,0,0,0,0,0,0,0,0,0
859,"DTXSID2021781",355,0,0,0,0,0,0,0,0,0,0,0,0,0,0,0,0,0,0,0,0,0,0,0,0,0,0,0,0,0
859,"DTXSID2021781",356,0,0,0,0,0,0,0,0,0,0,0,0,0,0,0,0,0,0,0,0,0,0,0,0,0,0,0,0,0
859,"DTXSID2021781",357,0,0,0,0,0,0,0,0,0,0,0,0,0,0,0,0,0,0,0,0,0,0,0,0,0,0,0,0,0
859,"DTXSID2021781",358,0,0,0,0,0,0,0,0,0,0,0,0,0,0,0,0,0,0,0,0,0,0,0,0,0,0,0,0,0
859,"DTXSID2021781",359,0,0,0,0,0,0,0,0,0,0,0,0,0,0,0,0,0,0,0,0,0,0,0,0,0,0,0,0,0
859,"DTXSID2021781",360,0,0,0,0,0,0,0,0,0,0,0,0,0,0,0,0,0,0,0,0,0,0,0,0,0,0,0,0,0
859,"DTXSID2021781",361,0,0,0,0,0,0,0,0,0,0,0,0,0,0,0,0,0,0,0,0,0,0,0,0,0,0,0,0,0
859,"DTXSID2021781",362,0,0,0,0,0,0,0,0,0,0,0,0,0,0,0,0,0,0,0,0,0,0,0,0,0,0,0,0,0
859,"DTXSID2021781",363,0,0,0,0,0,0,0,0,0,0,0,0,0,0,0,0,0,0,0,0,0,0,0,0,0,0,0,0,0
859,"DTXSID2021781",364,0,0,0,0,0,0,0,0,0,0,0,0,0,0,0,0,0,0,0,0,0,0,0,0,0,0,0,0,0
859,"DTXSID3020205",1,0,0,0,0,0,0,0,0,0,0,0,0,0,0,0,0,0,0,0,0,0,0,0,0,0,0,0,0,0
859,"DTXSID3020205",2,0,0,0,0,0,0,0,0,0,0,0,0,0,0,0,0,0,0,0,0,0,0,0,0,0,0,0,0,0
859,"DTXSID3020205",3,0,0,0,0,0,0,0,0,0,0,0,0,0,0,0,0,0,0,0,0,0,0,0,0,0,0,0,0,0
859,"DTXSID3020205",4,0,0,0,0,0,0,0,0,0,0,0,0,0,0,0,0,0,0,0,0,0,0,0,0,0,0,0,0,0
859,"DTXSID3020205",5,0,0,0,0,0,0,0,0,0,0,0,0,0,0,0,0,0,0,0,0,0,0,0,0,0,0,0,0,0
859,"DTXSID3020205",6,0,0,0,0,0,0,0,0,0,0,0,0,0,0,0,0,0,0,0,0,0,0,0,0,0,0,0,0,0
859,"DTXSID3020205",7,0,0,0,0,0,0,0,0,0,0,0,0,0,0,0,0,0,0,0,0,0,0,0,0,0,0,0,0,0
859,"DTXSID3020205",8,0,0,0,0,0,0,0,0,0,0,0,0,0,0,0,0,0,0,0,0,0,0,0,0,0,0,0,0,0
859,"DTXSID3020205",9,0,0,0,0,0,0,0,0,0,0,0,0,0,0,0,0,0,0,0,0,0,0,0,0,0,0,0,0,0
859,"DTXSID3020205",10,0,0,0,0,0,0,0,0,0,0,0,0,0,0,0,0,0,0,0,0,0,0,0,0,0,0,0,0,0
859,"DTXSID3020205",11,0,0,0,0,0,0,0,0,0,0,0,0,0,0,0,0,0,0,0,0,0,0,0,0,0,0,0,0,0
859,"DTXSID3020205",12,0,0,0,0,0,0,0,0,0,0,0,0,0,0,0,0,0,0,0,0,0,0,0,0,0,0,0,0,0
859,"DTXSID3020205",13,0,0,0,0,0,0,0,0,0,0,0,0,0,0,0,0,0,0,0,0,0,0,0,0,0,0,0,0,0
859,"DTXSID3020205",14,0,0,0,0,0,0,0,0,0,0,0,0,0,0,0,0,0,0,0,0,0,0,0,0,0,0,0,0,0
859,"DTXSID3020205",15,0,0,0,0,0,0,0,0,0,0,0,0,0,0,0,0,0,0,0,0,0,0,0,0,0,0,0,0,0
859,"DTXSID3020205",16,0,0,0,0,0,0,0,0,0,0,0,0,0,0,0,0,0,0,0,0,0,0,0,0,0,0,0,0,0
859,"DTXSID3020205",17,0,0,0,0,0,0,0,0,0,0,0,0,0,0,0,0,0,0,0,0,0,0,0,0,0,0,0,0,0
859,"DTXSID3020205",18,0,0,0,0,0,0,0,0,0,0,0,0,0,0,0,0,0,0,0,0,0,0,0,0,0,0,0,0,0
859,"DTXSID3020205",19,0,0,0,0,0,0,0,0,0,0,0,0,0,0,0,0,0,0,0,0,0,0,0,0,0,0,0,0,0
859,"DTXSID3020205",20,0,0,0,0,0,0,0,0,0,0,0,0,0,0,0,0,0,0,0,0,0,0,0,0,0,0,0,0,0
859,"DTXSID3020205",21,0,0,0,0,0,0,0,0,0,0,0,0,0,0,0,0,0,0,0,0,0,0,0,0,0,0,0,0,0
859,"DTXSID3020205",22,0,0,0,0,0,0,0,0,0,0,0,0,0,0,0,0,0,0,0,0,0,0,0,0,0,0,0,0,0
859,"DTXSID3020205",23,0,0,0,0,0,0,0,0,0,0,0,0,0,0,0,0,0,0,0,0,0,0,0,0,0,0,0,0,0
859,"DTXSID3020205",24,0,0,0,0,0,0,0,0,0,0,0,0,0,0,0,0,0,0,0,0,0,0,0,0,0,0,0,0,0
859,"DTXSID3020205",25,0,0,0,0,0,0,0,0,0,0,0,0,0,0,0,0,0,0,0,0,0,0,0,0,0,0,0,0,0
859,"DTXSID3020205",26,0,0,0,0,0,0,0,0,0,0,0,0,0,0,0,0,0,0,0,0,0,0,0,0,0,0,0,0,0
859,"DTXSID3020205",27,0,0,0,0,0,0,0,0,0,0,0,0,0,0,0,0,0,0,0,0,0,0,0,0,0,0,0,0,0
859,"DTXSID3020205",28,0,0,0,0,0,0,0,0,0,0,0,0,0,0,0,0,0,0,0,0,0,0,0,0,0,0,0,0,0
859,"DTXSID3020205",29,0,0,0,0,0,0,0,0,0,0,0,0,0,0,0,0,0,0,0,0,0,0,0,0,0,0,0,0,0
859,"DTXSID3020205",30,0,0,0,0,0,0,0,0,0,0,0,0,0,0,0,0,0,0,0,0,0,0,0,0,0,0,0,0,0
859,"DTXSID3020205",31,0,0,0,0,0,0,0,0,0,0,0,0,0,0,0,0,0,0,0,0,0,0,0,0,0,0,0,0,0
859,"DTXSID3020205",32,0,0,0,0,0,0,0,0,0,0,0,0,0,0,0,0,0,0,0,0,0,0,0,0,0,0,0,0,0
859,"DTXSID3020205",33,0,0,0,0,0,0,0,0,0,0,0,0,0,0,0,0,0,0,0,0,0,0,0,0,0,0,0,0,0
859,"DTXSID3020205",34,0,0,0,0,0,0,0,0,0,0,0,0,0,0,0,0,0,0,0,0,0,0,0,0,0,0,0,0,0
859,"DTXSID3020205",35,0,0,0,0,0,0,0,0,0,0,0,0,0,0,0,0,0,0,0,0,0,0,0,0,0,0,0,0,0
859,"DTXSID3020205",36,0,0,0,0,0,0,0,0,0,0,0,0,0,0,0,0,0,0,0,0,0,0,0,0,0,0,0,0,0
859,"DTXSID3020205",37,0,0,0,0,0,0,0,0,0,0,0,0,0,0,0,0,0,0,0,0,0,0,0,0,0,0,0,0,0
859,"DTXSID3020205",38,0,0,0,0,0,0,0,0,0,0,0,0,0,0,0,0,0,0,0,0,0,0,0,0,0,0,0,0,0
859,"DTXSID3020205",39,0,0,0,0,0,0,0,0,0,0,0,0,0,0,0,0,0,0,0,0,0,0,0,0,0,0,0,0,0
859,"DTXSID3020205",40,0,0,0,0,0,0,0,0,0,0,0,0,0,0,0,0,0,0,0,0,0,0,0,0,0,0,0,0,0
859,"DTXSID3020205",41,0,0,0,0,0,0,0,0,0,0,0,0,0,0,0,0,0,0,0,0,0,0,0,0,0,0,0,0,0
859,"DTXSID3020205",42,0,0,0,0,0,0,0,0,0,0,0,0,0,0,0,0,0,0,0,0,0,0,0,0,0,0,0,0,0
859,"DTXSID3020205",43,0,0,0,0,0,0,0,0,0,0,0,0,0,0,0,0,0,0,0,0,0,0,0,0,0,0,0,0,0
859,"DTXSID3020205",44,0,0,0,0,0,0,0,0,0,0,0,0,0,0,0,0,0,0,0,0,0,0,0,0,0,0,0,0,0
859,"DTXSID3020205",45,0,0,0,0,0,0,0,0,0,0,0,0,0,0,0,0,0,0,0,0,0,0,0,0,0,0,0,0,0
859,"DTXSID3020205",46,0,0,0,0,0,0,0,0,0,0,0,0,0,0,0,0,0,0,0,0,0,0,0,0,0,0,0,0,0
859,"DTXSID3020205",47,0,0,0,0,0,0,0,0,0,0,0,0,0,0,0,0,0,0,0,0,0,0,0,0,0,0,0,0,0
859,"DTXSID3020205",48,0,0,0,0,0,0,0,0,0,0,0,0,0,0,0,0,0,0,0,0,0,0,0,0,0,0,0,0,0
859,"DTXSID3020205",49,0,0,0,0,0,0,0,0,0,0,0,0,0,0,0,0,0,0,0,0,0,0,0,0,0,0,0,0,0
859,"DTXSID3020205",50,0,0,0,0,0,0,0,0,0,0,0,0,0,0,0,0,0,0,0,0,0,0,0,0,0,0,0,0,0
859,"DTXSID3020205",51,0,0,0,0,0,0,0,0,0,0,0,0,0,0,0,0,0,0,0,0,0,0,0,0,0,0,0,0,0
859,"DTXSID3020205",52,0,0,0,0,0,0,0,0,0,0,0,0,0,0,0,0,0,0,0,0,0,0,0,0,0,0,0,0,0
859,"DTXSID3020205",53,0,0,0,0,0,0,0,0,0,0,0,0,0,0,0,0,0,0,0,0,0,0,0,0,0,0,0,0,0
859,"DTXSID3020205",54,0,0,0,0,0,0,0,0,0,0,0,0,0,0,0,0,0,0,0,0,0,0,0,0,0,0,0,0,0
859,"DTXSID3020205",55,0,0,0,0,0,0,0,0,0,0,0,0,0,0,0,0,0,0,0,0,0,0,0,0,0,0,0,0,0
859,"DTXSID3020205",56,0,0,0,0,0,0,0,0,0,0,0,0,0,0,0,0,0,0,0,0,0,0,0,0,0,0,0,0,0
859,"DTXSID3020205",57,0,0,0,0,0,0,0,0,0,0,0,0,0,0,0,0,0,0,0,0,0,0,0,0,0,0,0,0,0
859,"DTXSID3020205",58,0,0,0,0,0,0,0,0,0,0,0,0,0,0,0,0,0,0,0,0,0,0,0,0,0,0,0,0,0
859,"DTXSID3020205",59,0,0,0,0,0,0,0,0,0,0,0,0,0,0,0,0,0,0,0,0,0,0,0,0,0,0,0,0,0
859,"DTXSID3020205",60,0,0,0,0,0,0,0,0,0,0,0,0,0,0,0,0,0,0,0,0,0,0,0,0,0,0,0,0,0
859,"DTXSID3020205",61,0,0,0,0,0,0,0,0,0,0,0,0,0,0,0,0,0,0,0,0,0,0,0,0,0,0,0,0,0
859,"DTXSID3020205",62,0,0,0,0,0,0,0,0,0,0,0,0,0,0,0,0,0,0,0,0,0,0,0,0,0,0,0,0,0
859,"DTXSID3020205",63,0,0,0,0,0,0,0,0,0,0,0,0,0,0,0,0,0,0,0,0,0,0,0,0,0,0,0,0,0
859,"DTXSID3020205",64,0,0,0,0,0,0,0,0,0,0,0,0,0,0,0,0,0,0,0,0,0,0,0,0,0,0,0,0,0
859,"DTXSID3020205",65,0,0,0,0,0,0,0,0,0,0,0,0,0,0,0,0,0,0,0,0,0,0,0,0,0,0,0,0,0
859,"DTXSID3020205",66,0,0,0,0,0,0,0,0,0,0,0,0,0,0,0,0,0,0,0,0,0,0,0,0,0,0,0,0,0
859,"DTXSID3020205",67,0,0,0,0,0,0,0,0,0,0,0,0,0,0,0,0,0,0,0,0,0,0,0,0,0,0,0,0,0
859,"DTXSID3020205",68,0,0,0,0,0,0,0,0,0,0,0,0,0,0,0,0,0,0,0,0,0,0,0,0,0,0,0,0,0
859,"DTXSID3020205",69,0,0,0,0,0,0,0,0,0,0,0,0,0,0,0,0,0,0,0,0,0,0,0,0,0,0,0,0,0
859,"DTXSID3020205",70,0,0,0,0,0,0,0,0,0,0,0,0,0,0,0,0,0,0,0,0,0,0,0,0,0,0,0,0,0
859,"DTXSID3020205",71,0,0,0,0,0,0,0,0,0,0,0,0,0,0,0,0,0,0,0,0,0,0,0,0,0,0,0,0,0
859,"DTXSID3020205",72,0,0,0,0,0,0,0,0,0,0,0,0,0,0,0,0,0,0,0,0,0,0,0,0,0,0,0,0,0
859,"DTXSID3020205",73,0,0,0,0,0,0,0,0,0,0,0,0,0,0,0,0,0,0,0,0,0,0,0,0,0,0,0,0,0
859,"DTXSID3020205",74,0,0,0,0,0,0,0,0,0,0,0,0,0,0,0,0,0,0,0,0,0,0,0,0,0,0,0,0,0
859,"DTXSID3020205",75,0,0,0,0,0,0,0,0,0,0,0,0,0,0,0,0,0,0,0,0,0,0,0,0,0,0,0,0,0
859,"DTXSID3020205",76,0,0,0,0,0,0,0,0,0,0,0,0,0,0,0,0,0,0,0,0,0,0,0,0,0,0,0,0,0
859,"DTXSID3020205",77,0,0,0,0,0,0,0,0,0,0,0,0,0,0,0,0,0,0,0,0,0,0,0,0,0,0,0,0,0
859,"DTXSID3020205",78,0,0,0,0,0,0,0,0,0,0,0,0,0,0,0,0,0,0,0,0,0,0,0,0,0,0,0,0,0
859,"DTXSID3020205",79,0,0,0,0,0,0,0,0,0,0,0,0,0,0,0,0,0,0,0,0,0,0,0,0,0,0,0,0,0
859,"DTXSID3020205",80,0,0,0,0,0,0,0,0,0,0,0,0,0,0,0,0,0,0,0,0,0,0,0,0,0,0,0,0,0
859,"DTXSID3020205",81,0,0,0,0,0,0,0,0,0,0,0,0,0,0,0,0,0,0,0,0,0,0,0,0,0,0,0,0,0
859,"DTXSID3020205",82,0,0,0,0,0,0,0,0,0,0,0,0,0,0,0,0,0,0,0,0,0,0,0,0,0,0,0,0,0
859,"DTXSID3020205",83,0,0,0,0,0,0,0,0,0,0,0,0,0,0,0,0,0,0,0,0,0,0,0,0,0,0,0,0,0
859,"DTXSID3020205",84,0,0,0,0,0,0,0,0,0,0,0,0,0,0,0,0,0,0,0,0,0,0,0,0,0,0,0,0,0
859,"DTXSID3020205",85,0,0,0,0,0,0,0,0,0,0,0,0,0,0,0,0,0,0,0,0,0,0,0,0,0,0,0,0,0
859,"DTXSID3020205",86,0,0,0,0,0,0,0,0,0,0,0,0,0,0,0,0,0,0,0,0,0,0,0,0,0,0,0,0,0
859,"DTXSID3020205",87,0,0,0,0,0,0,0,0,0,0,0,0,0,0,0,0,0,0,0,0,0,0,0,0,0,0,0,0,0
859,"DTXSID3020205",88,0,0,0,0,0,0,0,0,0,0,0,0,0,0,0,0,0,0,0,0,0,0,0,0,0,0,0,0,0
859,"DTXSID3020205",89,0,0,0,0,0,0,0,0,0,0,0,0,0,0,0,0,0,0,0,0,0,0,0,0,0,0,0,0,0
859,"DTXSID3020205",90,0,0,0,0,0,0,0,0,0,0,0,0,0,0,0,0,0,0,0,0,0,0,0,0,0,0,0,0,0
859,"DTXSID3020205",91,0,0,0,0,0,0,0,0,0,0,0,0,0,0,0,0,0,0,0,0,0,0,0,0,0,0,0,0,0
859,"DTXSID3020205",92,0,0,0,0,0,0,0,0,0,0,0,0,0,0,0,0,0,0,0,0,0,0,0,0,0,0,0,0,0
859,"DTXSID3020205",93,0,0,0,0,0,0,0,0,0,0,0,0,0,0,0,0,0,0,0,0,0,0,0,0,0,0,0,0,0
859,"DTXSID3020205",94,0,0,0,0,0,0,0,0,0,0,0,0,0,0,0,0,0,0,0,0,0,0,0,0,0,0,0,0,0
859,"DTXSID3020205",95,0,0,0,0,0,0,0,0,0,0,0,0,0,0,0,0,0,0,0,0,0,0,0,0,0,0,0,0,0
859,"DTXSID3020205",96,0,0,0,0,0,0,0,0,0,0,0,0,0,0,0,0,0,0,0,0,0,0,0,0,0,0,0,0,0
859,"DTXSID3020205",97,0,0,0,0,0,0,0,0,0,0,0,0,0,0,0,0,0,0,0,0,0,0,0,0,0,0,0,0,0
859,"DTXSID3020205",98,0,0,0,0,0,0,0,0,0,0,0,0,0,0,0,0,0,0,0,0,0,0,0,0,0,0,0,0,0
859,"DTXSID3020205",99,0,0,0,0,0,0,0,0,0,0,0,0,0,0,0,0,0,0,0,0,0,0,0,0,0,0,0,0,0
859,"DTXSID3020205",100,0,0,0,0,0,0,0,0,0,0,0,0,0,0,0,0,0,0,0,0,0,0,0,0,0,0,0,0,0
859,"DTXSID3020205",101,0,0,0,0,0,0,0,0,0,0,0,0,0,0,0,0,0,0,0,0,0,0,0,0,0,0,0,0,0
859,"DTXSID3020205",102,0,0,0,0,0,0,0,0,0,0,0,0,0,0,0,0,0,0,0,0,0,0,0,0,0,0,0,0,0
859,"DTXSID3020205",103,0,0,0,0,0,0,0,0,0,0,0,0,0,0,0,0,0,0,0,0,0,0,0,0,0,0,0,0,0
859,"DTXSID3020205",104,0,0,0,0,0,0,0,0,0,0,0,0,0,0,0,0,0,0,0,0,0,0,0,0,0,0,0,0,0
859,"DTXSID3020205",105,0,0,0,0,0,0,0,0,0,0,0,0,0,0,0,0,0,0,0,0,0,0,0,0,0,0,0,0,0
859,"DTXSID3020205",106,0,0,0,0,0,0,0,0,0,0,0,0,0,0,0,0,0,0,0,0,0,0,0,0,0,0,0,0,0
859,"DTXSID3020205",107,0,0,0,0,0,0,0,0,0,0,0,0,0,0,0,0,0,0,0,0,0,0,0,0,0,0,0,0,0
859,"DTXSID3020205",108,0,0,0,0,0,0,0,0,0,0,0,0,0,0,0,0,0,0,0,0,0,0,0,0,0,0,0,0,0
859,"DTXSID3020205",109,0,0,0,0,0,0,0,0,0,0,0,0,0,0,0,0,0,0,0,0,0,0,0,0,0,0,0,0,0
859,"DTXSID3020205",110,0,0,0,0,0,0,0,0,0,0,0,0,0,0,0,0,0,0,0,0,0,0,0,0,0,0,0,0,0
859,"DTXSID3020205",111,0,0,0,0,0,0,0,0,0,0,0,0,0,0,0,0,0,0,0,0,0,0,0,0,0,0,0,0,0
859,"DTXSID3020205",112,0,0,0,0,0,0,0,0,0,0,0,0,0,0,0,0,0,0,0,0,0,0,0,0,0,0,0,0,0
859,"DTXSID3020205",113,0,0,0,0,0,0,0,0,0,0,0,0,0,0,0,0,0,0,0,0,0,0,0,0,0,0,0,0,0
859,"DTXSID3020205",114,0,0,0,0,0,0,0,0,0,0,0,0,0,0,0,0,0,0,0,0,0,0,0,0,0,0,0,0,0
859,"DTXSID3020205",115,0,0,0,0,0,0,0,0,0,0,0,0,0,0,0,0,0,0,0,0,0,0,0,0,0,0,0,0,0
859,"DTXSID3020205",116,0,0,0,0,0,0,0,0,0,0,0,0,0,0,0,0,0,0,0,0,0,0,0,0,0,0,0,0,0
859,"DTXSID3020205",117,0,0,0,0,0,0,0,0,0,0,0,0,0,0,0,0,0,0,0,0,0,0,0,0,0,0,0,0,0
859,"DTXSID3020205",118,0,0,0,0,0,0,0,0,0,0,0,0,0,0,0,0,0,0,0,0,0,0,0,0,0,0,0,0,0
859,"DTXSID3020205",119,0,0,0,0,0,0,0,0,0,0,0,0,0,0,0,0,0,0,0,0,0,0,0,0,0,0,0,0,0
859,"DTXSID3020205",120,0,0,0,0,0,0,0,0,0,0,0,0,0,0,0,0,0,0,0,0,0,0,0,0,0,0,0,0,0
859,"DTXSID3020205",121,0,0,0,0,0,0,0,0,0,0,0,0,0,0,0,0,0,0,0,0,0,0,0,0,0,0,0,0,0
859,"DTXSID3020205",122,0,0,0,0,0,0,0,0,0,0,0,0,0,0,0,0,0,0,0,0,0,0,0,0,0,0,0,0,0
859,"DTXSID3020205",123,0,0,0,0,0,0,0,0,0,0,0,0,0,0,0,0,0,0,0,0,0,0,0,0,0,0,0,0,0
859,"DTXSID3020205",124,0,0,0,0,0,0,0,0,0,0,0,0,0,0,0,0,0,0,0,0,0,0,0,0,0,0,0,0,0
859,"DTXSID3020205",125,0,0,0,0,0,0,0,0,0,0,0,0,0,0,0,0,0,0,0,0,0,0,0,0,0,0,0,0,0
859,"DTXSID3020205",126,0,0,0,0,0,0,0,0,0,0,0,0,0,0,0,0,0,0,0,0,0,0,0,0,0,0,0,0,0
859,"DTXSID3020205",127,0,0,0,0,0,0,0,0,0,0,0,0,0,0,0,0,0,0,0,0,0,0,0,0,0,0,0,0,0
859,"DTXSID3020205",128,0,0,0,0,0,0,0,0,0,0,0,0,0,0,0,0,0,0,0,0,0,0,0,0,0,0,0,0,0
859,"DTXSID3020205",129,0,0,0,0,0,0,0,0,0,0,0,0,0,0,0,0,0,0,0,0,0,0,0,0,0,0,0,0,0
859,"DTXSID3020205",130,0,0,0,0,0,0,0,0,0,0,0,0,0,0,0,0,0,0,0,0,0,0,0,0,0,0,0,0,0
859,"DTXSID3020205",131,0,0,0,0,0,0,0,0,0,0,0,0,0,0,0,0,0,0,0,0,0,0,0,0,0,0,0,0,0
859,"DTXSID3020205",132,0,0,0,0,0,0,0,0,0,0,0,0,0,0,0,0,0,0,0,0,0,0,0,0,0,0,0,0,0
859,"DTXSID3020205",133,0,0,0,0,0,0,0,0,0,0,0,0,0,0,0,0,0,0,0,0,0,0,0,0,0,0,0,0,0
859,"DTXSID3020205",134,0,0,0,0,0,0,0,0,0,0,0,0,0,0,0,0,0,0,0,0,0,0,0,0,0,0,0,0,0
859,"DTXSID3020205",135,0,0,0,0,0,0,0,0,0,0,0,0,0,0,0,0,0,0,0,0,0,0,0,0,0,0,0,0,0
859,"DTXSID3020205",136,0,0,0,0,0,0,0,0,0,0,0,0,0,0,0,0,0,0,0,0,0,0,0,0,0,0,0,0,0
859,"DTXSID3020205",137,0,0,0,0,0,0,0,0,0,0,0,0,0,0,0,0,0,0,0,0,0,0,0,0,0,0,0,0,0
859,"DTXSID3020205",138,0,0,0,0,0,0,0,0,0,0,0,0,0,0,0,0,0,0,0,0,0,0,0,0,0,0,0,0,0
859,"DTXSID3020205",139,0,0,0,0,0,0,0,0,0,0,0,0,0,0,0,0,0,0,0,0,0,0,0,0,0,0,0,0,0
859,"DTXSID3020205",140,0,0,0,0,0,0,0,0,0,0,0,0,0,0,0,0,0,0,0,0,0,0,0,0,0,0,0,0,0
859,"DTXSID3020205",141,0,0,0,0,0,0,0,0,0,0,0,0,0,0,0,0,0,0,0,0,0,0,0,0,0,0,0,0,0
859,"DTXSID3020205",142,0,0,0,0,0,0,0,0,0,0,0,0,0,0,0,0,0,0,0,0,0,0,0,0,0,0,0,0,0
859,"DTXSID3020205",143,0,0,0,0,0,0,0,0,0,0,0,0,0,0,0,0,0,0,0,0,0,0,0,0,0,0,0,0,0
859,"DTXSID3020205",144,0,0,0,0,0,0,0,0,0,0,0,0,0,0,0,0,0,0,0,0,0,0,0,0,0,0,0,0,0
859,"DTXSID3020205",145,0,0,0,0,0,0,0,0,0,0,0,0,0,0,0,0,0,0,0,0,0,0,0,0,0,0,0,0,0
859,"DTXSID3020205",146,0,0,0,0,0,0,0,0,0,0,0,0,0,0,0,0,0,0,0,0,0,0,0,0,0,0,0,0,0
859,"DTXSID3020205",147,0,0,0,0,0,0,0,0,0,0,0,0,0,0,0,0,0,0,0,0,0,0,0,0,0,0,0,0,0
859,"DTXSID3020205",148,0,0,0,0,0,0,0,0,0,0,0,0,0,0,0,0,0,0,0,0,0,0,0,0,0,0,0,0,0
859,"DTXSID3020205",149,0,0,0,0,0,0,0,0,0,0,0,0,0,0,0,0,0,0,0,0,0,0,0,0,0,0,0,0,0
859,"DTXSID3020205",150,0,0,0,0,0,0,0,0,0,0,0,0,0,0,0,0,0,0,0,0,0,0,0,0,0,0,0,0,0
859,"DTXSID3020205",151,0,0,0,0,0,0,0,0,0,0,0,0,0,0,0,0,0,0,0,0,0,0,0,0,0,0,0,0,0
859,"DTXSID3020205",152,0,0,0,0,0,0,0,0,0,0,0,0,0,0,0,0,0,0,0,0,0,0,0,0,0,0,0,0,0
859,"DTXSID3020205",153,0,0,0,0,0,0,0,0,0,0,0,0,0,0,0,0,0,0,0,0,0,0,0,0,0,0,0,0,0
859,"DTXSID3020205",154,0,0,0,0,0,0,0,0,0,0,0,0,0,0,0,0,0,0,0,0,0,0,0,0,0,0,0,0,0
859,"DTXSID3020205",155,0,0,0,0,0,0,0,0,0,0,0,0,0,0,0,0,0,0,0,0,0,0,0,0,0,0,0,0,0
859,"DTXSID3020205",156,0,0,0,0,0,0,0,0,0,0,0,0,0,0,0,0,0,0,0,0,0,0,0,0,0,0,0,0,0
859,"DTXSID3020205",157,0,0,0,0,0,0,0,0,0,0,0,0,0,0,0,0,0,0,0,0,0,0,0,0,0,0,0,0,0
859,"DTXSID3020205",158,0,0,0,0,0,0,0,0,0,0,0,0,0,0,0,0,0,0,0,0,0,0,0,0,0,0,0,0,0
859,"DTXSID3020205",159,0,0,0,0,0,0,0,0,0,0,0,0,0,0,0,0,0,0,0,0,0,0,0,0,0,0,0,0,0
859,"DTXSID3020205",160,0,0,0,0,0,0,0,0,0,0,0,0,0,0,0,0,0,0,0,0,0,0,0,0,0,0,0,0,0
859,"DTXSID3020205",161,0,0,0,0,0,0,0,0,0,0,0,0,0,0,0,0,0,0,0,0,0,0,0,0,0,0,0,0,0
859,"DTXSID3020205",162,0,0,0,0,0,0,0,0,0,0,0,0,0,0,0,0,0,0,0,0,0,0,0,0,0,0,0,0,0
859,"DTXSID3020205",163,0,0,0,0,0,0,0,0,0,0,0,0,0,0,0,0,0,0,0,0,0,0,0,0,0,0,0,0,0
859,"DTXSID3020205",164,0,0,0,0,0,0,0,0,0,0,0,0,0,0,0,0,0,0,0,0,0,0,0,0,0,0,0,0,0
859,"DTXSID3020205",165,0,0,0,0,0,0,0,0,0,0,0,0,0,0,0,0,0,0,0,0,0,0,0,0,0,0,0,0,0
859,"DTXSID3020205",166,0,0,0,0,0,0,0,0,0,0,0,0,0,0,0,0,0,0,0,0,0,0,0,0,0,0,0,0,0
859,"DTXSID3020205",167,0,0,0,0,0,0,0,0,0,0,0,0,0,0,0,0,0,0,0,0,0,0,0,0,0,0,0,0,0
859,"DTXSID3020205",168,0,0,0,0,0,0,0,0,0,0,0,0,0,0,0,0,0,0,0,0,0,0,0,0,0,0,0,0,0
859,"DTXSID3020205",169,0,0,0,0,0,0,0,0,0,0,0,0,0,0,0,0,0,0,0,0,0,0,0,0,0,0,0,0,0
859,"DTXSID3020205",170,0,0,0,0,0,0,0,0,0,0,0,0,0,0,0,0,0,0,0,0,0,0,0,0,0,0,0,0,0
859,"DTXSID3020205",171,0,0,0,0,0,0,0,0,0,0,0,0,0,0,0,0,0,0,0,0,0,0,0,0,0,0,0,0,0
859,"DTXSID3020205",172,0,0,0,0,0,0,0,0,0,0,0,0,0,0,0,0,0,0,0,0,0,0,0,0,0,0,0,0,0
859,"DTXSID3020205",173,0,0,0,0,0,0,0,0,0,0,0,0,0,0,0,0,0,0,0,0,0,0,0,0,0,0,0,0,0
859,"DTXSID3020205",174,0,0,0,0,0,0,0,0,0,0,0,0,0,0,0,0,0,0,0,0,0,0,0,0,0,0,0,0,0
859,"DTXSID3020205",175,0,0,0,0,0,0,0,0,0,0,0,0,0,0,0,0,0,0,0,0,0,0,0,0,0,0,0,0,0
859,"DTXSID3020205",176,0,0,0,0,0,0,0,0,0,0,0,0,0,0,0,0,0,0,0,0,0,0,0,0,0,0,0,0,0
859,"DTXSID3020205",177,0,0,0,0,0,0,0,0,0,0,0,0,0,0,0,0,0,0,0,0,0,0,0,0,0,0,0,0,0
859,"DTXSID3020205",178,0,0,0,0,0,0,0,0,0,0,0,0,0,0,0,0,0,0,0,0,0,0,0,0,0,0,0,0,0
859,"DTXSID3020205",179,0,0,0,0,0,0,0,0,0,0,0,0,0,0,0,0,0,0,0,0,0,0,0,0,0,0,0,0,0
859,"DTXSID3020205",180,0,0,0,0,0,0,0,0,0,0,0,0,0,0,0,0,0,0,0,0,0,0,0,0,0,0,0,0,0
859,"DTXSID3020205",181,0,0,0,0,0,0,0,0,0,0,0,0,0,0,0,0,0,0,0,0,0,0,0,0,0,0,0,0,0
859,"DTXSID3020205",182,0,0,0,0,0,0,0,0,0,0,0,0,0,0,0,0,0,0,0,0,0,0,0,0,0,0,0,0,0
859,"DTXSID3020205",183,0,0,0,0,0,0,0,0,0,0,0,0,0,0,0,0,0,0,0,0,0,0,0,0,0,0,0,0,0
859,"DTXSID3020205",184,0,0,0,0,0,0,0,0,0,0,0,0,0,0,0,0,0,0,0,0,0,0,0,0,0,0,0,0,0
859,"DTXSID3020205",185,0,0,0,0,0,0,0,0,0,0,0,0,0,0,0,0,0,0,0,0,0,0,0,0,0,0,0,0,0
859,"DTXSID3020205",186,0,0,0,0,0,0,0,0,0,0,0,0,0,0,0,0,0,0,0,0,0,0,0,0,0,0,0,0,0
859,"DTXSID3020205",187,0,0,0,0,0,0,0,0,0,0,0,0,0,0,0,0,0,0,0,0,0,0,0,0,0,0,0,0,0
859,"DTXSID3020205",188,0,0,0,0,0,0,0,0,0,0,0,0,0,0,0,0,0,0,0,0,0,0,0,0,0,0,0,0,0
859,"DTXSID3020205",189,0,0,0,0,0,0,0,0,0,0,0,0,0,0,0,0,0,0,0,0,0,0,0,0,0,0,0,0,0
859,"DTXSID3020205",190,0,0,0,0,0,0,0,0,0,0,0,0,0,0,0,0,0,0,0,0,0,0,0,0,0,0,0,0,0
859,"DTXSID3020205",191,0,0,0,0,0,0,0,0,0,0,0,0,0,0,0,0,0,0,0,0,0,0,0,0,0,0,0,0,0
859,"DTXSID3020205",192,0,0,0,0,0,0,0,0,0,0,0,0,0,0,0,0,0,0,0,0,0,0,0,0,0,0,0,0,0
859,"DTXSID3020205",193,0,0,0,0,0,0,0,0,0,0,0,0,0,0,0,0,0,0,0,0,0,0,0,0,0,0,0,0,0
859,"DTXSID3020205",194,0,0,0,0,0,0,0,0,0,0,0,0,0,0,0,0,0,0,0,0,0,0,0,0,0,0,0,0,0
859,"DTXSID3020205",195,0,0,0,0,0,0,0,0,0,0,0,0,0,0,0,0,0,0,0,0,0,0,0,0,0,0,0,0,0
859,"DTXSID3020205",196,0,0,0,0,0,0,0,0,0,0,0,0,0,0,0,0,0,0,0,0,0,0,0,0,0,0,0,0,0
859,"DTXSID3020205",197,0,0,0,0,0,0,0,0,0,0,0,0,0,0,0,0,0,0,0,0,0,0,0,0,0,0,0,0,0
859,"DTXSID3020205",198,0,0,0,0,0,0,0,0,0,0,0,0,0,0,0,0,0,0,0,0,0,0,0,0,0,0,0,0,0
859,"DTXSID3020205",199,0,0,0,0,0,0,0,0,0,0,0,0,0,0,0,0,0,0,0,0,0,0,0,0,0,0,0,0,0
859,"DTXSID3020205",200,0,0,0,0,0,0,0,0,0,0,0,0,0,0,0,0,0,0,0,0,0,0,0,0,0,0,0,0,0
859,"DTXSID3020205",201,0,0,0,0,0,0,0,0,0,0,0,0,0,0,0,0,0,0,0,0,0,0,0,0,0,0,0,0,0
859,"DTXSID3020205",202,0,0,0,0,0,0,0,0,0,0,0,0,0,0,0,0,0,0,0,0,0,0,0,0,0,0,0,0,0
859,"DTXSID3020205",203,0,0,0,0,0,0,0,0,0,0,0,0,0,0,0,0,0,0,0,0,0,0,0,0,0,0,0,0,0
859,"DTXSID3020205",204,0,0,0,0,0,0,0,0,0,0,0,0,0,0,0,0,0,0,0,0,0,0,0,0,0,0,0,0,0
859,"DTXSID3020205",205,0,0,0,0,0,0,0,0,0,0,0,0,0,0,0,0,0,0,0,0,0,0,0,0,0,0,0,0,0
859,"DTXSID3020205",206,0,0,0,0,0,0,0,0,0,0,0,0,0,0,0,0,0,0,0,0,0,0,0,0,0,0,0,0,0
859,"DTXSID3020205",207,0,0,0,0,0,0,0,0,0,0,0,0,0,0,0,0,0,0,0,0,0,0,0,0,0,0,0,0,0
859,"DTXSID3020205",208,0,0,0,0,0,0,0,0,0,0,0,0,0,0,0,0,0,0,0,0,0,0,0,0,0,0,0,0,0
859,"DTXSID3020205",209,0,0,0,0,0,0,0,0,0,0,0,0,0,0,0,0,0,0,0,0,0,0,0,0,0,0,0,0,0
859,"DTXSID3020205",210,0,0,0,0,0,0,0,0,0,0,0,0,0,0,0,0,0,0,0,0,0,0,0,0,0,0,0,0,0
859,"DTXSID3020205",211,0,0,0,0,0,0,0,0,0,0,0,0,0,0,0,0,0,0,0,0,0,0,0,0,0,0,0,0,0
859,"DTXSID3020205",212,0,0,0,0,0,0,0,0,0,0,0,0,0,0,0,0,0,0,0,0,0,0,0,0,0,0,0,0,0
859,"DTXSID3020205",213,0,0,0,0,0,0,0,0,0,0,0,0,0,0,0,0,0,0,0,0,0,0,0,0,0,0,0,0,0
859,"DTXSID3020205",214,0,0,0,0,0,0,0,0,0,0,0,0,0,0,0,0,0,0,0,0,0,0,0,0,0,0,0,0,0
859,"DTXSID3020205",215,0,0,0,0,0,0,0,0,0,0,0,0,0,0,0,0,0,0,0,0,0,0,0,0,0,0,0,0,0
859,"DTXSID3020205",216,0,0,0,0,0,0,0,0,0,0,0,0,0,0,0,0,0,0,0,0,0,0,0,0,0,0,0,0,0
859,"DTXSID3020205",217,0,0,0,0,0,0,0,0,0,0,0,0,0,0,0,0,0,0,0,0,0,0,0,0,0,0,0,0,0
859,"DTXSID3020205",218,0,0,0,0,0,0,0,0,0,0,0,0,0,0,0,0,0,0,0,0,0,0,0,0,0,0,0,0,0
859,"DTXSID3020205",219,0,0,0,0,0,0,0,0,0,0,0,0,0,0,0,0,0,0,0,0,0,0,0,0,0,0,0,0,0
859,"DTXSID3020205",220,0,0,0,0,0,0,0,0,0,0,0,0,0,0,0,0,0,0,0,0,0,0,0,0,0,0,0,0,0
859,"DTXSID3020205",221,0,0,0,0,0,0,0,0,0,0,0,0,0,0,0,0,0,0,0,0,0,0,0,0,0,0,0,0,0
859,"DTXSID3020205",222,0,0,0,0,0,0,0,0,0,0,0,0,0,0,0,0,0,0,0,0,0,0,0,0,0,0,0,0,0
859,"DTXSID3020205",223,0,0,0,0,0,0,0,0,0,0,0,0,0,0,0,0,0,0,0,0,0,0,0,0,0,0,0,0,0
859,"DTXSID3020205",224,0,0,0,0,0,0,0,0,0,0,0,0,0,0,0,0,0,0,0,0,0,0,0,0,0,0,0,0,0
859,"DTXSID3020205",225,0,0,0,0,0,0,0,0,0,0,0,0,0,0,0,0,0,0,0,0,0,0,0,0,0,0,0,0,0
859,"DTXSID3020205",226,0,0,0,0,0,0,0,0,0,0,0,0,0,0,0,0,0,0,0,0,0,0,0,0,0,0,0,0,0
859,"DTXSID3020205",227,0,0,0,0,0,0,0,0,0,0,0,0,0,0,0,0,0,0,0,0,0,0,0,0,0,0,0,0,0
859,"DTXSID3020205",228,0,0,0,0,0,0,0,0,0,0,0,0,0,0,0,0,0,0,0,0,0,0,0,0,0,0,0,0,0
859,"DTXSID3020205",229,0,0,0,0,0,0,0,0,0,0,0,0,0,0,0,0,0,0,0,0,0,0,0,0,0,0,0,0,0
859,"DTXSID3020205",230,0,0,0,0,0,0,0,0,0,0,0,0,0,0,0,0,0,0,0,0,0,0,0,0,0,0,0,0,0
859,"DTXSID3020205",231,0,0,0,0,0,0,0,0,0,0,0,0,0,0,0,0,0,0,0,0,0,0,0,0,0,0,0,0,0
859,"DTXSID3020205",232,0,0,0,0,0,0,0,0,0,0,0,0,0,0,0,0,0,0,0,0,0,0,0,0,0,0,0,0,0
859,"DTXSID3020205",233,0,0,0,0,0,0,0,0,0,0,0,0,0,0,0,0,0,0,0,0,0,0,0,0,0,0,0,0,0
859,"DTXSID3020205",234,0,0,0,0,0,0,0,0,0,0,0,0,0,0,0,0,0,0,0,0,0,0,0,0,0,0,0,0,0
859,"DTXSID3020205",235,0,0,0,0,0,0,0,0,0,0,0,0,0,0,0,0,0,0,0,0,0,0,0,0,0,0,0,0,0
859,"DTXSID3020205",236,0,0,0,0,0,0,0,0,0,0,0,0,0,0,0,0,0,0,0,0,0,0,0,0,0,0,0,0,0
859,"DTXSID3020205",237,0,0,0,0,0,0,0,0,0,0,0,0,0,0,0,0,0,0,0,0,0,0,0,0,0,0,0,0,0
859,"DTXSID3020205",238,0,0,0,0,0,0,0,0,0,0,0,0,0,0,0,0,0,0,0,0,0,0,0,0,0,0,0,0,0
859,"DTXSID3020205",239,0,0,0,0,0,0,0,0,0,0,0,0,0,0,0,0,0,0,0,0,0,0,0,0,0,0,0,0,0
859,"DTXSID3020205",240,0,0,0,0,0,0,0,0,0,0,0,0,0,0,0,0,0,0,0,0,0,0,0,0,0,0,0,0,0
859,"DTXSID3020205",241,0,0,0,0,0,0,0,0,0,0,0,0,0,0,0,0,0,0,0,0,0,0,0,0,0,0,0,0,0
859,"DTXSID3020205",242,0,0,0,0,0,0,0,0,0,0,0,0,0,0,0,0,0,0,0,0,0,0,0,0,0,0,0,0,0
859,"DTXSID3020205",243,0,0,0,0,0,0,0,0,0,0,0,0,0,0,0,0,0,0,0,0,0,0,0,0,0,0,0,0,0
859,"DTXSID3020205",244,0,0,0,0,0,0,0,0,0,0,0,0,0,0,0,0,0,0,0,0,0,0,0,0,0,0,0,0,0
859,"DTXSID3020205",245,0,0,0,0,0,0,0,0,0,0,0,0,0,0,0,0,0,0,0,0,0,0,0,0,0,0,0,0,0
859,"DTXSID3020205",246,0,0,0,0,0,0,0,0,0,0,0,0,0,0,0,0,0,0,0,0,0,0,0,0,0,0,0,0,0
859,"DTXSID3020205",247,0,0,0,0,0,0,0,0,0,0,0,0,0,0,0,0,0,0,0,0,0,0,0,0,0,0,0,0,0
859,"DTXSID3020205",248,0,0,0,0,0,0,0,0,0,0,0,0,0,0,0,0,0,0,0,0,0,0,0,0,0,0,0,0,0
859,"DTXSID3020205",249,0,0,0,0,0,0,0,0,0,0,0,0,0,0,0,0,0,0,0,0,0,0,0,0,0,0,0,0,0
859,"DTXSID3020205",250,0,0,0,0,0,0,0,0,0,0,0,0,0,0,0,0,0,0,0,0,0,0,0,0,0,0,0,0,0
859,"DTXSID3020205",251,0,0,0,0,0,0,0,0,0,0,0,0,0,0,0,0,0,0,0,0,0,0,0,0,0,0,0,0,0
859,"DTXSID3020205",252,0,0,0,0,0,0,0,0,0,0,0,0,0,0,0,0,0,0,0,0,0,0,0,0,0,0,0,0,0
859,"DTXSID3020205",253,0,0,0,0,0,0,0,0,0,0,0,0,0,0,0,0,0,0,0,0,0,0,0,0,0,0,0,0,0
859,"DTXSID3020205",254,0,0,0,0,0,0,0,0,0,0,0,0,0,0,0,0,0,0,0,0,0,0,0,0,0,0,0,0,0
859,"DTXSID3020205",255,0,0,0,0,0,0,0,0,0,0,0,0,0,0,0,0,0,0,0,0,0,0,0,0,0,0,0,0,0
859,"DTXSID3020205",256,0,0,0,0,0,0,0,0,0,0,0,0,0,0,0,0,0,0,0,0,0,0,0,0,0,0,0,0,0
859,"DTXSID3020205",257,0,0,0,0,0,0,0,0,0,0,0,0,0,0,0,0,0,0,0,0,0,0,0,0,0,0,0,0,0
859,"DTXSID3020205",258,0,0,0,0,0,0,0,0,0,0,0,0,0,0,0,0,0,0,0,0,0,0,0,0,0,0,0,0,0
859,"DTXSID3020205",259,0,0,0,0,0,0,0,0,0,0,0,0,0,0,0,0,0,0,0,0,0,0,0,0,0,0,0,0,0
859,"DTXSID3020205",260,0,0,0,0,0,0,0,0,0,0,0,0,0,0,0,0,0,0,0,0,0,0,0,0,0,0,0,0,0
859,"DTXSID3020205",261,0,0,0,0,0,0,0,0,0,0,0,0,0,0,0,0,0,0,0,0,0,0,0,0,0,0,0,0,0
859,"DTXSID3020205",262,0,0,0,0,0,0,0,0,0,0,0,0,0,0,0,0,0,0,0,0,0,0,0,0,0,0,0,0,0
859,"DTXSID3020205",263,0,0,0,0,0,0,0,0,0,0,0,0,0,0,0,0,0,0,0,0,0,0,0,0,0,0,0,0,0
859,"DTXSID3020205",264,0,0,0,0,0,0,0,0,0,0,0,0,0,0,0,0,0,0,0,0,0,0,0,0,0,0,0,0,0
859,"DTXSID3020205",265,0,0,0,0,0,0,0,0,0,0,0,0,0,0,0,0,0,0,0,0,0,0,0,0,0,0,0,0,0
859,"DTXSID3020205",266,0,0,0,0,0,0,0,0,0,0,0,0,0,0,0,0,0,0,0,0,0,0,0,0,0,0,0,0,0
859,"DTXSID3020205",267,0,0,0,0,0,0,0,0,0,0,0,0,0,0,0,0,0,0,0,0,0,0,0,0,0,0,0,0,0
859,"DTXSID3020205",268,0,0,0,0,0,0,0,0,0,0,0,0,0,0,0,0,0,0,0,0,0,0,0,0,0,0,0,0,0
859,"DTXSID3020205",269,0,0,0,0,0,0,0,0,0,0,0,0,0,0,0,0,0,0,0,0,0,0,0,0,0,0,0,0,0
859,"DTXSID3020205",270,0,0,0,0,0,0,0,0,0,0,0,0,0,0,0,0,0,0,0,0,0,0,0,0,0,0,0,0,0
859,"DTXSID3020205",271,0,0,0,0,0,0,0,0,0,0,0,0,0,0,0,0,0,0,0,0,0,0,0,0,0,0,0,0,0
859,"DTXSID3020205",272,0,0,0,0,0,0,0,0,0,0,0,0,0,0,0,0,0,0,0,0,0,0,0,0,0,0,0,0,0
859,"DTXSID3020205",273,0,0,0,0,0,0,0,0,0,0,0,0,0,0,0,0,0,0,0,0,0,0,0,0,0,0,0,0,0
859,"DTXSID3020205",274,0,0,0,0,0,0,0,0,0,0,0,0,0,0,0,0,0,0,0,0,0,0,0,0,0,0,0,0,0
859,"DTXSID3020205",275,0,0,0,0,0,0,0,0,0,0,0,0,0,0,0,0,0,0,0,0,0,0,0,0,0,0,0,0,0
859,"DTXSID3020205",276,0,0,0,0,0,0,0,0,0,0,0,0,0,0,0,0,0,0,0,0,0,0,0,0,0,0,0,0,0
859,"DTXSID3020205",277,0,0,0,0,0,0,0,0,0,0,0,0,0,0,0,0,0,0,0,0,0,0,0,0,0,0,0,0,0
859,"DTXSID3020205",278,0,0,0,0,0,0,0,0,0,0,0,0,0,0,0,0,0,0,0,0,0,0,0,0,0,0,0,0,0
859,"DTXSID3020205",279,0,0,0,0,0,0,0,0,0,0,0,0,0,0,0,0,0,0,0,0,0,0,0,0,0,0,0,0,0
859,"DTXSID3020205",280,0,0,0,0,0,0,0,0,0,0,0,0,0,0,0,0,0,0,0,0,0,0,0,0,0,0,0,0,0
859,"DTXSID3020205",281,0,0,0,0,0,0,0,0,0,0,0,0,0,0,0,0,0,0,0,0,0,0,0,0,0,0,0,0,0
859,"DTXSID3020205",282,0,0,0,0,0,0,0,0,0,0,0,0,0,0,0,0,0,0,0,0,0,0,0,0,0,0,0,0,0
859,"DTXSID3020205",283,0,0,0,0,0,0,0,0,0,0,0,0,0,0,0,0,0,0,0,0,0,0,0,0,0,0,0,0,0
859,"DTXSID3020205",284,0,0,0,0,0,0,0,0,0,0,0,0,0,0,0,0,0,0,0,0,0,0,0,0,0,0,0,0,0
859,"DTXSID3020205",285,0,0,0,0,0,0,0,0,0,0,0,0,0,0,0,0,0,0,0,0,0,0,0,0,0,0,0,0,0
859,"DTXSID3020205",286,0,0,0,0,0,0,0,0,0,0,0,0,0,0,0,0,0,0,0,0,0,0,0,0,0,0,0,0,0
859,"DTXSID3020205",287,0,0,0,0,0,0,0,0,0,0,0,0,0,0,0,0,0,0,0,0,0,0,0,0,0,0,0,0,0
859,"DTXSID3020205",288,0,0,0,0,0,0,0,0,0,0,0,0,0,0,0,0,0,0,0,0,0,0,0,0,0,0,0,0,0
859,"DTXSID3020205",289,0,0,0,0,0,0,0,0,0,0,0,0,0,0,0,0,0,0,0,0,0,0,0,0,0,0,0,0,0
859,"DTXSID3020205",290,0,0,0,0,0,0,0,0,0,0,0,0,0,0,0,0,0,0,0,0,0,0,0,0,0,0,0,0,0
859,"DTXSID3020205",291,0,0,0,0,0,0,0,0,0,0,0,0,0,0,0,0,0,0,0,0,0,0,0,0,0,0,0,0,0
859,"DTXSID3020205",292,0,0,0,0,0,0,0,0,0,0,0,0,0,0,0,0,0,0,0,0,0,0,0,0,0,0,0,0,0
859,"DTXSID3020205",293,0,0,0,0,0,0,0,0,0,0,0,0,0,0,0,0,0,0,0,0,0,0,0,0,0,0,0,0,0
859,"DTXSID3020205",294,0,0,0,0,0,0,0,0,0,0,0,0,0,0,0,0,0,0,0,0,0,0,0,0,0,0,0,0,0
859,"DTXSID3020205",295,0,0,0,0,0,0,0,0,0,0,0,0,0,0,0,0,0,0,0,0,0,0,0,0,0,0,0,0,0
859,"DTXSID3020205",296,0,0,0,0,0,0,0,0,0,0,0,0,0,0,0,0,0,0,0,0,0,0,0,0,0,0,0,0,0
859,"DTXSID3020205",297,0,0,0,0,0,0,0,0,0,0,0,0,0,0,0,0,0,0,0,0,0,0,0,0,0,0,0,0,0
859,"DTXSID3020205",298,0,0,0,0,0,0,0,0,0,0,0,0,0,0,0,0,0,0,0,0,0,0,0,0,0,0,0,0,0
859,"DTXSID3020205",299,0,0,0,0,0,0,0,0,0,0,0,0,0,0,0,0,0,0,0,0,0,0,0,0,0,0,0,0,0
859,"DTXSID3020205",300,0,0,0,0,0,0,0,0,0,0,0,0,0,0,0,0,0,0,0,0,0,0,0,0,0,0,0,0,0
859,"DTXSID3020205",301,0,0,0,0,0,0,0,0,0,0,0,0,0,0,0,0,0,0,0,0,0,0,0,0,0,0,0,0,0
859,"DTXSID3020205",302,0,0,0,0,0,0,0,0,0,0,0,0,0,0,0,0,0,0,0,0,0,0,0,0,0,0,0,0,0
859,"DTXSID3020205",303,0,0,0,0,0,0,0,0,0,0,0,0,0,0,0,0,0,0,0,0,0,0,0,0,0,0,0,0,0
859,"DTXSID3020205",304,0,0,0,0,0,0,0,0,0,0,0,0,0,0,0,0,0,0,0,0,0,0,0,0,0,0,0,0,0
859,"DTXSID3020205",305,0,0,0,0,0,0,0,0,0,0,0,0,0,0,0,0,0,0,0,0,0,0,0,0,0,0,0,0,0
859,"DTXSID3020205",306,0,0,0,0,0,0,0,0,0,0,0,0,0,0,0,0,0,0,0,0,0,0,0,0,0,0,0,0,0
859,"DTXSID3020205",307,0,0,0,0,0,0,0,0,0,0,0,0,0,0,0,0,0,0,0,0,0,0,0,0,0,0,0,0,0
859,"DTXSID3020205",308,0,0,0,0,0,0,0,0,0,0,0,0,0,0,0,0,0,0,0,0,0,0,0,0,0,0,0,0,0
859,"DTXSID3020205",309,0,0,0,0,0,0,0,0,0,0,0,0,0,0,0,0,0,0,0,0,0,0,0,0,0,0,0,0,0
859,"DTXSID3020205",310,0,0,0,0,0,0,0,0,0,0,0,0,0,0,0,0,0,0,0,0,0,0,0,0,0,0,0,0,0
859,"DTXSID3020205",311,0,0,0,0,0,0,0,0,0,0,0,0,0,0,0,0,0,0,0,0,0,0,0,0,0,0,0,0,0
859,"DTXSID3020205",312,0,0,0,0,0,0,0,0,0,0,0,0,0,0,0,0,0,0,0,0,0,0,0,0,0,0,0,0,0
859,"DTXSID3020205",313,0,0,0,0,0,0,0,0,0,0,0,0,0,0,0,0,0,0,0,0,0,0,0,0,0,0,0,0,0
859,"DTXSID3020205",314,0,0,0,0,0,0,0,0,0,0,0,0,0,0,0,0,0,0,0,0,0,0,0,0,0,0,0,0,0
859,"DTXSID3020205",315,0,0,0,0,0,0,0,0,0,0,0,0,0,0,0,0,0,0,0,0,0,0,0,0,0,0,0,0,0
859,"DTXSID3020205",316,0,0,0,0,0,0,0,0,0,0,0,0,0,0,0,0,0,0,0,0,0,0,0,0,0,0,0,0,0
859,"DTXSID3020205",317,0,0,0,0,0,0,0,0,0,0,0,0,0,0,0,0,0,0,0,0,0,0,0,0,0,0,0,0,0
859,"DTXSID3020205",318,0,0,0,0,0,0,0,0,0,0,0,0,0,0,0,0,0,0,0,0,0,0,0,0,0,0,0,0,0
859,"DTXSID3020205",319,0,0,0,0,0,0,0,0,0,0,0,0,0,0,0,0,0,0,0,0,0,0,0,0,0,0,0,0,0
859,"DTXSID3020205",320,0,0,0,0,0,0,0,0,0,0,0,0,0,0,0,0,0,0,0,0,0,0,0,0,0,0,0,0,0
859,"DTXSID3020205",321,0,0,0,0,0,0,0,0,0,0,0,0,0,0,0,0,0,0,0,0,0,0,0,0,0,0,0,0,0
859,"DTXSID3020205",322,0,0,0,0,0,0,0,0,0,0,0,0,0,0,0,0,0,0,0,0,0,0,0,0,0,0,0,0,0
859,"DTXSID3020205",323,0,0,0,0,0,0,0,0,0,0,0,0,0,0,0,0,0,0,0,0,0,0,0,0,0,0,0,0,0
859,"DTXSID3020205",324,0,0,0,0,0,0,0,0,0,0,0,0,0,0,0,0,0,0,0,0,0,0,0,0,0,0,0,0,0
859,"DTXSID3020205",325,0,0,0,0,0,0,0,0,0,0,0,0,0,0,0,0,0,0,0,0,0,0,0,0,0,0,0,0,0
859,"DTXSID3020205",326,0,0,0,0,0,0,0,0,0,0,0,0,0,0,0,0,0,0,0,0,0,0,0,0,0,0,0,0,0
859,"DTXSID3020205",327,0,0,0,0,0,0,0,0,0,0,0,0,0,0,0,0,0,0,0,0,0,0,0,0,0,0,0,0,0
859,"DTXSID3020205",328,0,0,0,0,0,0,0,0,0,0,0,0,0,0,0,0,0,0,0,0,0,0,0,0,0,0,0,0,0
859,"DTXSID3020205",329,0,0,0,0,0,0,0,0,0,0,0,0,0,0,0,0,0,0,0,0,0,0,0,0,0,0,0,0,0
859,"DTXSID3020205",330,0,0,0,0,0,0,0,0,0,0,0,0,0,0,0,0,0,0,0,0,0,0,0,0,0,0,0,0,0
859,"DTXSID3020205",331,0,0,0,0,0,0,0,0,0,0,0,0,0,0,0,0,0,0,0,0,0,0,0,0,0,0,0,0,0
859,"DTXSID3020205",332,0,0,0,0,0,0,0,0,0,0,0,0,0,0,0,0,0,0,0,0,0,0,0,0,0,0,0,0,0
859,"DTXSID3020205",333,0,0,0,0,0,0,0,0,0,0,0,0,0,0,0,0,0,0,0,0,0,0,0,0,0,0,0,0,0
859,"DTXSID3020205",334,0,0,0,0,0,0,0,0,0,0,0,0,0,0,0,0,0,0,0,0,0,0,0,0,0,0,0,0,0
859,"DTXSID3020205",335,0,0,0,0,0,0,0,0,0,0,0,0,0,0,0,0,0,0,0,0,0,0,0,0,0,0,0,0,0
859,"DTXSID3020205",336,0,0,0,0,0,0,0,0,0,0,0,0,0,0,0,0,0,0,0,0,0,0,0,0,0,0,0,0,0
859,"DTXSID3020205",337,0,0,0,0,0,0,0,0,0,0,0,0,0,0,0,0,0,0,0,0,0,0,0,0,0,0,0,0,0
859,"DTXSID3020205",338,0,0,0,0,0,0,0,0,0,0,0,0,0,0,0,0,0,0,0,0,0,0,0,0,0,0,0,0,0
859,"DTXSID3020205",339,0,0,0,0,0,0,0,0,0,0,0,0,0,0,0,0,0,0,0,0,0,0,0,0,0,0,0,0,0
859,"DTXSID3020205",340,0,0,0,0,0,0,0,0,0,0,0,0,0,0,0,0,0,0,0,0,0,0,0,0,0,0,0,0,0
859,"DTXSID3020205",341,0,0,0,0,0,0,0,0,0,0,0,0,0,0,0,0,0,0,0,0,0,0,0,0,0,0,0,0,0
859,"DTXSID3020205",342,0,0,0,0,0,0,0,0,0,0,0,0,0,0,0,0,0,0,0,0,0,0,0,0,0,0,0,0,0
859,"DTXSID3020205",343,0,0,0,0,0,0,0,0,0,0,0,0,0,0,0,0,0,0,0,0,0,0,0,0,0,0,0,0,0
859,"DTXSID3020205",344,0,0,0,0,0,0,0,0,0,0,0,0,0,0,0,0,0,0,0,0,0,0,0,0,0,0,0,0,0
859,"DTXSID3020205",345,0,0,0,0,0,0,0,0,0,0,0,0,0,0,0,0,0,0,0,0,0,0,0,0,0,0,0,0,0
859,"DTXSID3020205",346,0,0,0,0,0,0,0,0,0,0,0,0,0,0,0,0,0,0,0,0,0,0,0,0,0,0,0,0,0
859,"DTXSID3020205",347,0,0,0,0,0,0,0,0,0,0,0,0,0,0,0,0,0,0,0,0,0,0,0,0,0,0,0,0,0
859,"DTXSID3020205",348,0,0,0,0,0,0,0,0,0,0,0,0,0,0,0,0,0,0,0,0,0,0,0,0,0,0,0,0,0
859,"DTXSID3020205",349,0,0,0,0,0,0,0,0,0,0,0,0,0,0,0,0,0,0,0,0,0,0,0,0,0,0,0,0,0
859,"DTXSID3020205",350,0,0,0,0,0,0,0,0,0,0,0,0,0,0,0,0,0,0,0,0,0,0,0,0,0,0,0,0,0
859,"DTXSID3020205",351,0,0,0,0,0,0,0,0,0,0,0,0,0,0,0,0,0,0,0,0,0,0,0,0,0,0,0,0,0
859,"DTXSID3020205",352,0,0,0,0,0,0,0,0,0,0,0,0,0,0,0,0,0,0,0,0,0,0,0,0,0,0,0,0,0
859,"DTXSID3020205",353,0,0,0,0,0,0,0,0,0,0,0,0,0,0,0,0,0,0,0,0,0,0,0,0,0,0,0,0,0
859,"DTXSID3020205",354,0,0,0,0,0,0,0,0,0,0,0,0,0,0,0,0,0,0,0,0,0,0,0,0,0,0,0,0,0
859,"DTXSID3020205",355,0,0,0,0,0,0,0,0,0,0,0,0,0,0,0,0,0,0,0,0,0,0,0,0,0,0,0,0,0
859,"DTXSID3020205",356,0,0,0,0,0,0,0,0,0,0,0,0,0,0,0,0,0,0,0,0,0,0,0,0,0,0,0,0,0
859,"DTXSID3020205",357,0,0,0,0,0,0,0,0,0,0,0,0,0,0,0,0,0,0,0,0,0,0,0,0,0,0,0,0,0
859,"DTXSID3020205",358,0,0,0,0,0,0,0,0,0,0,0,0,0,0,0,0,0,0,0,0,0,0,0,0,0,0,0,0,0
859,"DTXSID3020205",359,0,0,0,0,0,0,0,0,0,0,0,0,0,0,0,0,0,0,0,0,0,0,0,0,0,0,0,0,0
859,"DTXSID3020205",360,0,0,0,0,0,0,0,0,0,0,0,0,0,0,0,0,0,0,0,0,0,0,0,0,0,0,0,0,0
859,"DTXSID3020205",361,0,0,0,0,0,0,0,0,0,0,0,0,0,0,0,0,0,0,0,0,0,0,0,0,0,0,0,0,0
859,"DTXSID3020205",362,0,0,0,0,0,0,0,0,0,0,0,0,0,0,0,0,0,0,0,0,0,0,0,0,0,0,0,0,0
859,"DTXSID3020205",363,0,0,0,0,0,0,0,0,0,0,0,0,0,0,0,0,0,0,0,0,0,0,0,0,0,0,0,0,0
859,"DTXSID3020205",364,0,0,0,0,0,0,0,0,0,0,0,0,0,0,0,0,0,0,0,0,0,0,0,0,0,0,0,0,0
859,"DTXSID7021360",1,0,0,0,0,0,0,0,0,0,0,0,0,0,0,0,0,0,0,0,0,0,0,0,0,0,0,0,0,0
859,"DTXSID7021360",2,0,0,0,0,0,0,0,0,0,0,0,0,0,0,0,0,0,0,0,0,0,0,0,0,0,0,0,0,0
859,"DTXSID7021360",3,0,0,0,0,0,0,0,0,0,0,0,0,0,0,0,0,0,0,0,0,0,0,0,0,0,0,0,0,0
859,"DTXSID7021360",4,0,0,0,0,0,0,0,0,0,0,0,0,0,0,0,0,0,0,0,0,0,0,0,0,0,0,0,0,0
859,"DTXSID7021360",5,0,0,0,0,0,0,0,0,0,0,0,0,0,0,0,0,0,0,0,0,0,0,0,0,0,0,0,0,0
859,"DTXSID7021360",6,0,0,0,0,0,0,0,0,0,0,0,0,0,0,0,0,0,0,0,0,0,0,0,0,0,0,0,0,0
859,"DTXSID7021360",7,1.2925298246875,0.00226134523326465,0.000864753269950485,0.00269096889878656,0.03976678893561,0.135624832498843,0.0216999731998148,0,0,2585.059649375,0,0,0,0,0,0,0,0,0,0,0,0,0,0,0,0,2559.20905288125,0,25.85059649375
859,"DTXSID7021360",8,0,0,0,0,0,0,0,0,0,0,0,0,0,0,0,0,0,0,0,0,0,0,0,0,0,0,0,0,0
859,"DTXSID7021360",9,0,0,0,0,0,0,0,0,0,0,0,0,0,0,0,0,0,0,0,0,0,0,0,0,0,0,0,0,0
859,"DTXSID7021360",10,0,0,0,0,0,0,0,0,0,0,0,0,0,0,0,0,0,0,0,0,0,0,0,0,0,0,0,0,0
859,"DTXSID7021360",11,0,0,0,0,0,0,0,0,0,0,0,0,0,0,0,0,0,0,0,0,0,0,0,0,0,0,0,0,0
859,"DTXSID7021360",12,0,0,0,0,0,0,0,0,0,0,0,0,0,0,0,0,0,0,0,0,0,0,0,0,0,0,0,0,0
859,"DTXSID7021360",13,0,0,0,0,0,0,0,0,0,0,0,0,0,0,0,0,0,0,0,0,0,0,0,0,0,0,0,0,0
859,"DTXSID7021360",14,0,0,0,0,0,0,0,0,0,0,0,0,0,0,0,0,0,0,0,0,0,0,0,0,0,0,0,0,0
859,"DTXSID7021360",15,0,0,0,0,0,0,0,0,0,0,0,0,0,0,0,0,0,0,0,0,0,0,0,0,0,0,0,0,0
859,"DTXSID7021360",16,0,0,0,0,0,0,0,0,0,0,0,0,0,0,0,0,0,0,0,0,0,0,0,0,0,0,0,0,0
859,"DTXSID7021360",17,0,0,0,0,0,0,0,0,0,0,0,0,0,0,0,0,0,0,0,0,0,0,0,0,0,0,0,0,0
859,"DTXSID7021360",18,0,0,0,0,0,0,0,0,0,0,0,0,0,0,0,0,0,0,0,0,0,0,0,0,0,0,0,0,0
859,"DTXSID7021360",19,0,0,0,0,0,0,0,0,0,0,0,0,0,0,0,0,0,0,0,0,0,0,0,0,0,0,0,0,0
859,"DTXSID7021360",20,0,0,0,0,0,0,0,0,0,0,0,0,0,0,0,0,0,0,0,0,0,0,0,0,0,0,0,0,0
859,"DTXSID7021360",21,0,0,0,0,0,0,0,0,0,0,0,0,0,0,0,0,0,0,0,0,0,0,0,0,0,0,0,0,0
859,"DTXSID7021360",22,0,0,0,0,0,0,0,0,0,0,0,0,0,0,0,0,0,0,0,0,0,0,0,0,0,0,0,0,0
859,"DTXSID7021360",23,0,0,0,0,0,0,0,0,0,0,0,0,0,0,0,0,0,0,0,0,0,0,0,0,0,0,0,0,0
859,"DTXSID7021360",24,0,0,0,0,0,0,0,0,0,0,0,0,0,0,0,0,0,0,0,0,0,0,0,0,0,0,0,0,0
859,"DTXSID7021360",25,0,0,0,0,0,0,0,0,0,0,0,0,0,0,0,0,0,0,0,0,0,0,0,0,0,0,0,0,0
859,"DTXSID7021360",26,0,0,0,0,0,0,0,0,0,0,0,0,0,0,0,0,0,0,0,0,0,0,0,0,0,0,0,0,0
859,"DTXSID7021360",27,0,0,0,0,0,0,0,0,0,0,0,0,0,0,0,0,0,0,0,0,0,0,0,0,0,0,0,0,0
859,"DTXSID7021360",28,0,0,0,0,0,0,0,0,0,0,0,0,0,0,0,0,0,0,0,0,0,0,0,0,0,0,0,0,0
859,"DTXSID7021360",29,0,0,0,0,0,0,0,0,0,0,0,0,0,0,0,0,0,0,0,0,0,0,0,0,0,0,0,0,0
859,"DTXSID7021360",30,0,0,0,0,0,0,0,0,0,0,0,0,0,0,0,0,0,0,0,0,0,0,0,0,0,0,0,0,0
859,"DTXSID7021360",31,0,0,0,0,0,0,0,0,0,0,0,0,0,0,0,0,0,0,0,0,0,0,0,0,0,0,0,0,0
859,"DTXSID7021360",32,0,0,0,0,0,0,0,0,0,0,0,0,0,0,0,0,0,0,0,0,0,0,0,0,0,0,0,0,0
859,"DTXSID7021360",33,0,0,0,0,0,0,0,0,0,0,0,0,0,0,0,0,0,0,0,0,0,0,0,0,0,0,0,0,0
859,"DTXSID7021360",34,0,0,0,0,0,0,0,0,0,0,0,0,0,0,0,0,0,0,0,0,0,0,0,0,0,0,0,0,0
859,"DTXSID7021360",35,0,0,0,0,0,0,0,0,0,0,0,0,0,0,0,0,0,0,0,0,0,0,0,0,0,0,0,0,0
859,"DTXSID7021360",36,0,0,0,0,0,0,0,0,0,0,0,0,0,0,0,0,0,0,0,0,0,0,0,0,0,0,0,0,0
859,"DTXSID7021360",37,0,0,0,0,0,0,0,0,0,0,0,0,0,0,0,0,0,0,0,0,0,0,0,0,0,0,0,0,0
859,"DTXSID7021360",38,0,0,0,0,0,0,0,0,0,0,0,0,0,0,0,0,0,0,0,0,0,0,0,0,0,0,0,0,0
859,"DTXSID7021360",39,0,0,0,0,0,0,0,0,0,0,0,0,0,0,0,0,0,0,0,0,0,0,0,0,0,0,0,0,0
859,"DTXSID7021360",40,0,0,0,0,0,0,0,0,0,0,0,0,0,0,0,0,0,0,0,0,0,0,0,0,0,0,0,0,0
859,"DTXSID7021360",41,0,0,0,0,0,0,0,0,0,0,0,0,0,0,0,0,0,0,0,0,0,0,0,0,0,0,0,0,0
859,"DTXSID7021360",42,0,0,0,0,0,0,0,0,0,0,0,0,0,0,0,0,0,0,0,0,0,0,0,0,0,0,0,0,0
859,"DTXSID7021360",43,0,0,0,0,0,0,0,0,0,0,0,0,0,0,0,0,0,0,0,0,0,0,0,0,0,0,0,0,0
859,"DTXSID7021360",44,0,0,0,0,0,0,0,0,0,0,0,0,0,0,0,0,0,0,0,0,0,0,0,0,0,0,0,0,0
859,"DTXSID7021360",45,0,0,0,0,0,0,0,0,0,0,0,0,0,0,0,0,0,0,0,0,0,0,0,0,0,0,0,0,0
859,"DTXSID7021360",46,0,0,0,0,0,0,0,0,0,0,0,0,0,0,0,0,0,0,0,0,0,0,0,0,0,0,0,0,0
859,"DTXSID7021360",47,0,0,0,0,0,0,0,0,0,0,0,0,0,0,0,0,0,0,0,0,0,0,0,0,0,0,0,0,0
859,"DTXSID7021360",48,0,0,0,0,0,0,0,0,0,0,0,0,0,0,0,0,0,0,0,0,0,0,0,0,0,0,0,0,0
859,"DTXSID7021360",49,0,0,0,0,0,0,0,0,0,0,0,0,0,0,0,0,0,0,0,0,0,0,0,0,0,0,0,0,0
859,"DTXSID7021360",50,0,0,0,0,0,0,0,0,0,0,0,0,0,0,0,0,0,0,0,0,0,0,0,0,0,0,0,0,0
859,"DTXSID7021360",51,0,0,0,0,0,0,0,0,0,0,0,0,0,0,0,0,0,0,0,0,0,0,0,0,0,0,0,0,0
859,"DTXSID7021360",52,0,0,0,0,0,0,0,0,0,0,0,0,0,0,0,0,0,0,0,0,0,0,0,0,0,0,0,0,0
859,"DTXSID7021360",53,0,0,0,0,0,0,0,0,0,0,0,0,0,0,0,0,0,0,0,0,0,0,0,0,0,0,0,0,0
859,"DTXSID7021360",54,0,0,0,0,0,0,0,0,0,0,0,0,0,0,0,0,0,0,0,0,0,0,0,0,0,0,0,0,0
859,"DTXSID7021360",55,0,0,0,0,0,0,0,0,0,0,0,0,0,0,0,0,0,0,0,0,0,0,0,0,0,0,0,0,0
859,"DTXSID7021360",56,0,0,0,0,0,0,0,0,0,0,0,0,0,0,0,0,0,0,0,0,0,0,0,0,0,0,0,0,0
859,"DTXSID7021360",57,0,0,0,0,0,0,0,0,0,0,0,0,0,0,0,0,0,0,0,0,0,0,0,0,0,0,0,0,0
859,"DTXSID7021360",58,0,0,0,0,0,0,0,0,0,0,0,0,0,0,0,0,0,0,0,0,0,0,0,0,0,0,0,0,0
859,"DTXSID7021360",59,0,0,0,0,0,0,0,0,0,0,0,0,0,0,0,0,0,0,0,0,0,0,0,0,0,0,0,0,0
859,"DTXSID7021360",60,0,0,0,0,0,0,0,0,0,0,0,0,0,0,0,0,0,0,0,0,0,0,0,0,0,0,0,0,0
859,"DTXSID7021360",61,0,0,0,0,0,0,0,0,0,0,0,0,0,0,0,0,0,0,0,0,0,0,0,0,0,0,0,0,0
859,"DTXSID7021360",62,0,0,0,0,0,0,0,0,0,0,0,0,0,0,0,0,0,0,0,0,0,0,0,0,0,0,0,0,0
859,"DTXSID7021360",63,0,0,0,0,0,0,0,0,0,0,0,0,0,0,0,0,0,0,0,0,0,0,0,0,0,0,0,0,0
859,"DTXSID7021360",64,0,0,0,0,0,0,0,0,0,0,0,0,0,0,0,0,0,0,0,0,0,0,0,0,0,0,0,0,0
859,"DTXSID7021360",65,0,0,0,0,0,0,0,0,0,0,0,0,0,0,0,0,0,0,0,0,0,0,0,0,0,0,0,0,0
859,"DTXSID7021360",66,0,0,0,0,0,0,0,0,0,0,0,0,0,0,0,0,0,0,0,0,0,0,0,0,0,0,0,0,0
859,"DTXSID7021360",67,0,0,0,0,0,0,0,0,0,0,0,0,0,0,0,0,0,0,0,0,0,0,0,0,0,0,0,0,0
859,"DTXSID7021360",68,0,0,0,0,0,0,0,0,0,0,0,0,0,0,0,0,0,0,0,0,0,0,0,0,0,0,0,0,0
859,"DTXSID7021360",69,0,0,0,0,0,0,0,0,0,0,0,0,0,0,0,0,0,0,0,0,0,0,0,0,0,0,0,0,0
859,"DTXSID7021360",70,0,0,0,0,0,0,0,0,0,0,0,0,0,0,0,0,0,0,0,0,0,0,0,0,0,0,0,0,0
859,"DTXSID7021360",71,0,0,0,0,0,0,0,0,0,0,0,0,0,0,0,0,0,0,0,0,0,0,0,0,0,0,0,0,0
859,"DTXSID7021360",72,0,0,0,0,0,0,0,0,0,0,0,0,0,0,0,0,0,0,0,0,0,0,0,0,0,0,0,0,0
859,"DTXSID7021360",73,0,0,0,0,0,0,0,0,0,0,0,0,0,0,0,0,0,0,0,0,0,0,0,0,0,0,0,0,0
859,"DTXSID7021360",74,0,0,0,0,0,0,0,0,0,0,0,0,0,0,0,0,0,0,0,0,0,0,0,0,0,0,0,0,0
859,"DTXSID7021360",75,0,0,0,0,0,0,0,0,0,0,0,0,0,0,0,0,0,0,0,0,0,0,0,0,0,0,0,0,0
859,"DTXSID7021360",76,0,0,0,0,0,0,0,0,0,0,0,0,0,0,0,0,0,0,0,0,0,0,0,0,0,0,0,0,0
859,"DTXSID7021360",77,0,0,0,0,0,0,0,0,0,0,0,0,0,0,0,0,0,0,0,0,0,0,0,0,0,0,0,0,0
859,"DTXSID7021360",78,0,0,0,0,0,0,0,0,0,0,0,0,0,0,0,0,0,0,0,0,0,0,0,0,0,0,0,0,0
859,"DTXSID7021360",79,0,0,0,0,0,0,0,0,0,0,0,0,0,0,0,0,0,0,0,0,0,0,0,0,0,0,0,0,0
859,"DTXSID7021360",80,0,0,0,0,0,0,0,0,0,0,0,0,0,0,0,0,0,0,0,0,0,0,0,0,0,0,0,0,0
859,"DTXSID7021360",81,0,0,0,0,0,0,0,0,0,0,0,0,0,0,0,0,0,0,0,0,0,0,0,0,0,0,0,0,0
859,"DTXSID7021360",82,0,0,0,0,0,0,0,0,0,0,0,0,0,0,0,0,0,0,0,0,0,0,0,0,0,0,0,0,0
859,"DTXSID7021360",83,0,0,0,0,0,0,0,0,0,0,0,0,0,0,0,0,0,0,0,0,0,0,0,0,0,0,0,0,0
859,"DTXSID7021360",84,0,0,0,0,0,0,0,0,0,0,0,0,0,0,0,0,0,0,0,0,0,0,0,0,0,0,0,0,0
859,"DTXSID7021360",85,0,0,0,0,0,0,0,0,0,0,0,0,0,0,0,0,0,0,0,0,0,0,0,0,0,0,0,0,0
859,"DTXSID7021360",86,0,0,0,0,0,0,0,0,0,0,0,0,0,0,0,0,0,0,0,0,0,0,0,0,0,0,0,0,0
859,"DTXSID7021360",87,0,0,0,0,0,0,0,0,0,0,0,0,0,0,0,0,0,0,0,0,0,0,0,0,0,0,0,0,0
859,"DTXSID7021360",88,0,0,0,0,0,0,0,0,0,0,0,0,0,0,0,0,0,0,0,0,0,0,0,0,0,0,0,0,0
859,"DTXSID7021360",89,0,0,0,0,0,0,0,0,0,0,0,0,0,0,0,0,0,0,0,0,0,0,0,0,0,0,0,0,0
859,"DTXSID7021360",90,0,0,0,0,0,0,0,0,0,0,0,0,0,0,0,0,0,0,0,0,0,0,0,0,0,0,0,0,0
859,"DTXSID7021360",91,0,0,0,0,0,0,0,0,0,0,0,0,0,0,0,0,0,0,0,0,0,0,0,0,0,0,0,0,0
859,"DTXSID7021360",92,0,0,0,0,0,0,0,0,0,0,0,0,0,0,0,0,0,0,0,0,0,0,0,0,0,0,0,0,0
859,"DTXSID7021360",93,0,0,0,0,0,0,0,0,0,0,0,0,0,0,0,0,0,0,0,0,0,0,0,0,0,0,0,0,0
859,"DTXSID7021360",94,0,0,0,0,0,0,0,0,0,0,0,0,0,0,0,0,0,0,0,0,0,0,0,0,0,0,0,0,0
859,"DTXSID7021360",95,0,0,0,0,0,0,0,0,0,0,0,0,0,0,0,0,0,0,0,0,0,0,0,0,0,0,0,0,0
859,"DTXSID7021360",96,0,0,0,0,0,0,0,0,0,0,0,0,0,0,0,0,0,0,0,0,0,0,0,0,0,0,0,0,0
859,"DTXSID7021360",97,0,0,0,0,0,0,0,0,0,0,0,0,0,0,0,0,0,0,0,0,0,0,0,0,0,0,0,0,0
859,"DTXSID7021360",98,0,0,0,0,0,0,0,0,0,0,0,0,0,0,0,0,0,0,0,0,0,0,0,0,0,0,0,0,0
859,"DTXSID7021360",99,0,0,0,0,0,0,0,0,0,0,0,0,0,0,0,0,0,0,0,0,0,0,0,0,0,0,0,0,0
859,"DTXSID7021360",100,0,0,0,0,0,0,0,0,0,0,0,0,0,0,0,0,0,0,0,0,0,0,0,0,0,0,0,0,0
859,"DTXSID7021360",101,0,0,0,0,0,0,0,0,0,0,0,0,0,0,0,0,0,0,0,0,0,0,0,0,0,0,0,0,0
859,"DTXSID7021360",102,0,0,0,0,0,0,0,0,0,0,0,0,0,0,0,0,0,0,0,0,0,0,0,0,0,0,0,0,0
859,"DTXSID7021360",103,0,0,0,0,0,0,0,0,0,0,0,0,0,0,0,0,0,0,0,0,0,0,0,0,0,0,0,0,0
859,"DTXSID7021360",104,0,0,0,0,0,0,0,0,0,0,0,0,0,0,0,0,0,0,0,0,0,0,0,0,0,0,0,0,0
859,"DTXSID7021360",105,0,0,0,0,0,0,0,0,0,0,0,0,0,0,0,0,0,0,0,0,0,0,0,0,0,0,0,0,0
859,"DTXSID7021360",106,0,0,0,0,0,0,0,0,0,0,0,0,0,0,0,0,0,0,0,0,0,0,0,0,0,0,0,0,0
859,"DTXSID7021360",107,0,0,0,0,0,0,0,0,0,0,0,0,0,0,0,0,0,0,0,0,0,0,0,0,0,0,0,0,0
859,"DTXSID7021360",108,0,0,0,0,0,0,0,0,0,0,0,0,0,0,0,0,0,0,0,0,0,0,0,0,0,0,0,0,0
859,"DTXSID7021360",109,0,0,0,0,0,0,0,0,0,0,0,0,0,0,0,0,0,0,0,0,0,0,0,0,0,0,0,0,0
859,"DTXSID7021360",110,0,0,0,0,0,0,0,0,0,0,0,0,0,0,0,0,0,0,0,0,0,0,0,0,0,0,0,0,0
859,"DTXSID7021360",111,0,0,0,0,0,0,0,0,0,0,0,0,0,0,0,0,0,0,0,0,0,0,0,0,0,0,0,0,0
859,"DTXSID7021360",112,0,0,0,0,0,0,0,0,0,0,0,0,0,0,0,0,0,0,0,0,0,0,0,0,0,0,0,0,0
859,"DTXSID7021360",113,0,0,0,0,0,0,0,0,0,0,0,0,0,0,0,0,0,0,0,0,0,0,0,0,0,0,0,0,0
859,"DTXSID7021360",114,0,0,0,0,0,0,0,0,0,0,0,0,0,0,0,0,0,0,0,0,0,0,0,0,0,0,0,0,0
859,"DTXSID7021360",115,0,0,0,0,0,0,0,0,0,0,0,0,0,0,0,0,0,0,0,0,0,0,0,0,0,0,0,0,0
859,"DTXSID7021360",116,0,0,0,0,0,0,0,0,0,0,0,0,0,0,0,0,0,0,0,0,0,0,0,0,0,0,0,0,0
859,"DTXSID7021360",117,0,0,0,0,0,0,0,0,0,0,0,0,0,0,0,0,0,0,0,0,0,0,0,0,0,0,0,0,0
859,"DTXSID7021360",118,0,0,0,0,0,0,0,0,0,0,0,0,0,0,0,0,0,0,0,0,0,0,0,0,0,0,0,0,0
859,"DTXSID7021360",119,0,0,0,0,0,0,0,0,0,0,0,0,0,0,0,0,0,0,0,0,0,0,0,0,0,0,0,0,0
859,"DTXSID7021360",120,0,0,0,0,0,0,0,0,0,0,0,0,0,0,0,0,0,0,0,0,0,0,0,0,0,0,0,0,0
859,"DTXSID7021360",121,0,0,0,0,0,0,0,0,0,0,0,0,0,0,0,0,0,0,0,0,0,0,0,0,0,0,0,0,0
859,"DTXSID7021360",122,0,0,0,0,0,0,0,0,0,0,0,0,0,0,0,0,0,0,0,0,0,0,0,0,0,0,0,0,0
859,"DTXSID7021360",123,0,0,0,0,0,0,0,0,0,0,0,0,0,0,0,0,0,0,0,0,0,0,0,0,0,0,0,0,0
859,"DTXSID7021360",124,0,0,0,0,0,0,0,0,0,0,0,0,0,0,0,0,0,0,0,0,0,0,0,0,0,0,0,0,0
859,"DTXSID7021360",125,1.2925298246875,0.00226134523326465,0.000864753269950485,0.00269096889878656,0.03976678893561,0.135624832498843,0.0216999731998148,0,0,2585.059649375,0,0,0,0,0,0,0,0,0,0,0,0,0,0,0,0,2559.20905288125,0,25.85059649375
859,"DTXSID7021360",126,0,0,0,0,0,0,0,0,0,0,0,0,0,0,0,0,0,0,0,0,0,0,0,0,0,0,0,0,0
859,"DTXSID7021360",127,0,0,0,0,0,0,0,0,0,0,0,0,0,0,0,0,0,0,0,0,0,0,0,0,0,0,0,0,0
859,"DTXSID7021360",128,0,0,0,0,0,0,0,0,0,0,0,0,0,0,0,0,0,0,0,0,0,0,0,0,0,0,0,0,0
859,"DTXSID7021360",129,0,0,0,0,0,0,0,0,0,0,0,0,0,0,0,0,0,0,0,0,0,0,0,0,0,0,0,0,0
859,"DTXSID7021360",130,0,0,0,0,0,0,0,0,0,0,0,0,0,0,0,0,0,0,0,0,0,0,0,0,0,0,0,0,0
859,"DTXSID7021360",131,0,0,0,0,0,0,0,0,0,0,0,0,0,0,0,0,0,0,0,0,0,0,0,0,0,0,0,0,0
859,"DTXSID7021360",132,0,0,0,0,0,0,0,0,0,0,0,0,0,0,0,0,0,0,0,0,0,0,0,0,0,0,0,0,0
859,"DTXSID7021360",133,0,0,0,0,0,0,0,0,0,0,0,0,0,0,0,0,0,0,0,0,0,0,0,0,0,0,0,0,0
859,"DTXSID7021360",134,0,0,0,0,0,0,0,0,0,0,0,0,0,0,0,0,0,0,0,0,0,0,0,0,0,0,0,0,0
859,"DTXSID7021360",135,0,0,0,0,0,0,0,0,0,0,0,0,0,0,0,0,0,0,0,0,0,0,0,0,0,0,0,0,0
859,"DTXSID7021360",136,0,0,0,0,0,0,0,0,0,0,0,0,0,0,0,0,0,0,0,0,0,0,0,0,0,0,0,0,0
859,"DTXSID7021360",137,0,0,0,0,0,0,0,0,0,0,0,0,0,0,0,0,0,0,0,0,0,0,0,0,0,0,0,0,0
859,"DTXSID7021360",138,0,0,0,0,0,0,0,0,0,0,0,0,0,0,0,0,0,0,0,0,0,0,0,0,0,0,0,0,0
859,"DTXSID7021360",139,0,0,0,0,0,0,0,0,0,0,0,0,0,0,0,0,0,0,0,0,0,0,0,0,0,0,0,0,0
859,"DTXSID7021360",140,0,0,0,0,0,0,0,0,0,0,0,0,0,0,0,0,0,0,0,0,0,0,0,0,0,0,0,0,0
859,"DTXSID7021360",141,0,0,0,0,0,0,0,0,0,0,0,0,0,0,0,0,0,0,0,0,0,0,0,0,0,0,0,0,0
859,"DTXSID7021360",142,0,0,0,0,0,0,0,0,0,0,0,0,0,0,0,0,0,0,0,0,0,0,0,0,0,0,0,0,0
859,"DTXSID7021360",143,0,0,0,0,0,0,0,0,0,0,0,0,0,0,0,0,0,0,0,0,0,0,0,0,0,0,0,0,0
859,"DTXSID7021360",144,0,0,0,0,0,0,0,0,0,0,0,0,0,0,0,0,0,0,0,0,0,0,0,0,0,0,0,0,0
859,"DTXSID7021360",145,0,0,0,0,0,0,0,0,0,0,0,0,0,0,0,0,0,0,0,0,0,0,0,0,0,0,0,0,0
859,"DTXSID7021360",146,0,0,0,0,0,0,0,0,0,0,0,0,0,0,0,0,0,0,0,0,0,0,0,0,0,0,0,0,0
859,"DTXSID7021360",147,0,0,0,0,0,0,0,0,0,0,0,0,0,0,0,0,0,0,0,0,0,0,0,0,0,0,0,0,0
859,"DTXSID7021360",148,0,0,0,0,0,0,0,0,0,0,0,0,0,0,0,0,0,0,0,0,0,0,0,0,0,0,0,0,0
859,"DTXSID7021360",149,0,0,0,0,0,0,0,0,0,0,0,0,0,0,0,0,0,0,0,0,0,0,0,0,0,0,0,0,0
859,"DTXSID7021360",150,0,0,0,0,0,0,0,0,0,0,0,0,0,0,0,0,0,0,0,0,0,0,0,0,0,0,0,0,0
859,"DTXSID7021360",151,0,0,0,0,0,0,0,0,0,0,0,0,0,0,0,0,0,0,0,0,0,0,0,0,0,0,0,0,0
859,"DTXSID7021360",152,0,0,0,0,0,0,0,0,0,0,0,0,0,0,0,0,0,0,0,0,0,0,0,0,0,0,0,0,0
859,"DTXSID7021360",153,0,0,0,0,0,0,0,0,0,0,0,0,0,0,0,0,0,0,0,0,0,0,0,0,0,0,0,0,0
859,"DTXSID7021360",154,0,0,0,0,0,0,0,0,0,0,0,0,0,0,0,0,0,0,0,0,0,0,0,0,0,0,0,0,0
859,"DTXSID7021360",155,0,0,0,0,0,0,0,0,0,0,0,0,0,0,0,0,0,0,0,0,0,0,0,0,0,0,0,0,0
859,"DTXSID7021360",156,0,0,0,0,0,0,0,0,0,0,0,0,0,0,0,0,0,0,0,0,0,0,0,0,0,0,0,0,0
859,"DTXSID7021360",157,0,0,0,0,0,0,0,0,0,0,0,0,0,0,0,0,0,0,0,0,0,0,0,0,0,0,0,0,0
859,"DTXSID7021360",158,0,0,0,0,0,0,0,0,0,0,0,0,0,0,0,0,0,0,0,0,0,0,0,0,0,0,0,0,0
859,"DTXSID7021360",159,0,0,0,0,0,0,0,0,0,0,0,0,0,0,0,0,0,0,0,0,0,0,0,0,0,0,0,0,0
859,"DTXSID7021360",160,0,0,0,0,0,0,0,0,0,0,0,0,0,0,0,0,0,0,0,0,0,0,0,0,0,0,0,0,0
859,"DTXSID7021360",161,0,0,0,0,0,0,0,0,0,0,0,0,0,0,0,0,0,0,0,0,0,0,0,0,0,0,0,0,0
859,"DTXSID7021360",162,0,0,0,0,0,0,0,0,0,0,0,0,0,0,0,0,0,0,0,0,0,0,0,0,0,0,0,0,0
859,"DTXSID7021360",163,0,0,0,0,0,0,0,0,0,0,0,0,0,0,0,0,0,0,0,0,0,0,0,0,0,0,0,0,0
859,"DTXSID7021360",164,0,0,0,0,0,0,0,0,0,0,0,0,0,0,0,0,0,0,0,0,0,0,0,0,0,0,0,0,0
859,"DTXSID7021360",165,0,0,0,0,0,0,0,0,0,0,0,0,0,0,0,0,0,0,0,0,0,0,0,0,0,0,0,0,0
859,"DTXSID7021360",166,0,0,0,0,0,0,0,0,0,0,0,0,0,0,0,0,0,0,0,0,0,0,0,0,0,0,0,0,0
859,"DTXSID7021360",167,0,0,0,0,0,0,0,0,0,0,0,0,0,0,0,0,0,0,0,0,0,0,0,0,0,0,0,0,0
859,"DTXSID7021360",168,0,0,0,0,0,0,0,0,0,0,0,0,0,0,0,0,0,0,0,0,0,0,0,0,0,0,0,0,0
859,"DTXSID7021360",169,0,0,0,0,0,0,0,0,0,0,0,0,0,0,0,0,0,0,0,0,0,0,0,0,0,0,0,0,0
859,"DTXSID7021360",170,0,0,0,0,0,0,0,0,0,0,0,0,0,0,0,0,0,0,0,0,0,0,0,0,0,0,0,0,0
859,"DTXSID7021360",171,0,0,0,0,0,0,0,0,0,0,0,0,0,0,0,0,0,0,0,0,0,0,0,0,0,0,0,0,0
859,"DTXSID7021360",172,0,0,0,0,0,0,0,0,0,0,0,0,0,0,0,0,0,0,0,0,0,0,0,0,0,0,0,0,0
859,"DTXSID7021360",173,0,0,0,0,0,0,0,0,0,0,0,0,0,0,0,0,0,0,0,0,0,0,0,0,0,0,0,0,0
859,"DTXSID7021360",174,0,0,0,0,0,0,0,0,0,0,0,0,0,0,0,0,0,0,0,0,0,0,0,0,0,0,0,0,0
859,"DTXSID7021360",175,0,0,0,0,0,0,0,0,0,0,0,0,0,0,0,0,0,0,0,0,0,0,0,0,0,0,0,0,0
859,"DTXSID7021360",176,0,0,0,0,0,0,0,0,0,0,0,0,0,0,0,0,0,0,0,0,0,0,0,0,0,0,0,0,0
859,"DTXSID7021360",177,0,0,0,0,0,0,0,0,0,0,0,0,0,0,0,0,0,0,0,0,0,0,0,0,0,0,0,0,0
859,"DTXSID7021360",178,0,0,0,0,0,0,0,0,0,0,0,0,0,0,0,0,0,0,0,0,0,0,0,0,0,0,0,0,0
859,"DTXSID7021360",179,0,0,0,0,0,0,0,0,0,0,0,0,0,0,0,0,0,0,0,0,0,0,0,0,0,0,0,0,0
859,"DTXSID7021360",180,0,0,0,0,0,0,0,0,0,0,0,0,0,0,0,0,0,0,0,0,0,0,0,0,0,0,0,0,0
859,"DTXSID7021360",181,0,0,0,0,0,0,0,0,0,0,0,0,0,0,0,0,0,0,0,0,0,0,0,0,0,0,0,0,0
859,"DTXSID7021360",182,0,0,0,0,0,0,0,0,0,0,0,0,0,0,0,0,0,0,0,0,0,0,0,0,0,0,0,0,0
859,"DTXSID7021360",183,0,0,0,0,0,0,0,0,0,0,0,0,0,0,0,0,0,0,0,0,0,0,0,0,0,0,0,0,0
859,"DTXSID7021360",184,0,0,0,0,0,0,0,0,0,0,0,0,0,0,0,0,0,0,0,0,0,0,0,0,0,0,0,0,0
859,"DTXSID7021360",185,0,0,0,0,0,0,0,0,0,0,0,0,0,0,0,0,0,0,0,0,0,0,0,0,0,0,0,0,0
859,"DTXSID7021360",186,0,0,0,0,0,0,0,0,0,0,0,0,0,0,0,0,0,0,0,0,0,0,0,0,0,0,0,0,0
859,"DTXSID7021360",187,0,0,0,0,0,0,0,0,0,0,0,0,0,0,0,0,0,0,0,0,0,0,0,0,0,0,0,0,0
859,"DTXSID7021360",188,0,0,0,0,0,0,0,0,0,0,0,0,0,0,0,0,0,0,0,0,0,0,0,0,0,0,0,0,0
859,"DTXSID7021360",189,0,0,0,0,0,0,0,0,0,0,0,0,0,0,0,0,0,0,0,0,0,0,0,0,0,0,0,0,0
859,"DTXSID7021360",190,0,0,0,0,0,0,0,0,0,0,0,0,0,0,0,0,0,0,0,0,0,0,0,0,0,0,0,0,0
859,"DTXSID7021360",191,0,0,0,0,0,0,0,0,0,0,0,0,0,0,0,0,0,0,0,0,0,0,0,0,0,0,0,0,0
859,"DTXSID7021360",192,0,0,0,0,0,0,0,0,0,0,0,0,0,0,0,0,0,0,0,0,0,0,0,0,0,0,0,0,0
859,"DTXSID7021360",193,0,0,0,0,0,0,0,0,0,0,0,0,0,0,0,0,0,0,0,0,0,0,0,0,0,0,0,0,0
859,"DTXSID7021360",194,0,0,0,0,0,0,0,0,0,0,0,0,0,0,0,0,0,0,0,0,0,0,0,0,0,0,0,0,0
859,"DTXSID7021360",195,0,0,0,0,0,0,0,0,0,0,0,0,0,0,0,0,0,0,0,0,0,0,0,0,0,0,0,0,0
859,"DTXSID7021360",196,0,0,0,0,0,0,0,0,0,0,0,0,0,0,0,0,0,0,0,0,0,0,0,0,0,0,0,0,0
859,"DTXSID7021360",197,0,0,0,0,0,0,0,0,0,0,0,0,0,0,0,0,0,0,0,0,0,0,0,0,0,0,0,0,0
859,"DTXSID7021360",198,0,0,0,0,0,0,0,0,0,0,0,0,0,0,0,0,0,0,0,0,0,0,0,0,0,0,0,0,0
859,"DTXSID7021360",199,0,0,0,0,0,0,0,0,0,0,0,0,0,0,0,0,0,0,0,0,0,0,0,0,0,0,0,0,0
859,"DTXSID7021360",200,0,0,0,0,0,0,0,0,0,0,0,0,0,0,0,0,0,0,0,0,0,0,0,0,0,0,0,0,0
859,"DTXSID7021360",201,0,0,0,0,0,0,0,0,0,0,0,0,0,0,0,0,0,0,0,0,0,0,0,0,0,0,0,0,0
859,"DTXSID7021360",202,0,0,0,0,0,0,0,0,0,0,0,0,0,0,0,0,0,0,0,0,0,0,0,0,0,0,0,0,0
859,"DTXSID7021360",203,0,0,0,0,0,0,0,0,0,0,0,0,0,0,0,0,0,0,0,0,0,0,0,0,0,0,0,0,0
859,"DTXSID7021360",204,0,0,0,0,0,0,0,0,0,0,0,0,0,0,0,0,0,0,0,0,0,0,0,0,0,0,0,0,0
859,"DTXSID7021360",205,0,0,0,0,0,0,0,0,0,0,0,0,0,0,0,0,0,0,0,0,0,0,0,0,0,0,0,0,0
859,"DTXSID7021360",206,0,0,0,0,0,0,0,0,0,0,0,0,0,0,0,0,0,0,0,0,0,0,0,0,0,0,0,0,0
859,"DTXSID7021360",207,0,0,0,0,0,0,0,0,0,0,0,0,0,0,0,0,0,0,0,0,0,0,0,0,0,0,0,0,0
859,"DTXSID7021360",208,0,0,0,0,0,0,0,0,0,0,0,0,0,0,0,0,0,0,0,0,0,0,0,0,0,0,0,0,0
859,"DTXSID7021360",209,0,0,0,0,0,0,0,0,0,0,0,0,0,0,0,0,0,0,0,0,0,0,0,0,0,0,0,0,0
859,"DTXSID7021360",210,0,0,0,0,0,0,0,0,0,0,0,0,0,0,0,0,0,0,0,0,0,0,0,0,0,0,0,0,0
859,"DTXSID7021360",211,0,0,0,0,0,0,0,0,0,0,0,0,0,0,0,0,0,0,0,0,0,0,0,0,0,0,0,0,0
859,"DTXSID7021360",212,0,0,0,0,0,0,0,0,0,0,0,0,0,0,0,0,0,0,0,0,0,0,0,0,0,0,0,0,0
859,"DTXSID7021360",213,0,0,0,0,0,0,0,0,0,0,0,0,0,0,0,0,0,0,0,0,0,0,0,0,0,0,0,0,0
859,"DTXSID7021360",214,0,0,0,0,0,0,0,0,0,0,0,0,0,0,0,0,0,0,0,0,0,0,0,0,0,0,0,0,0
859,"DTXSID7021360",215,0,0,0,0,0,0,0,0,0,0,0,0,0,0,0,0,0,0,0,0,0,0,0,0,0,0,0,0,0
859,"DTXSID7021360",216,0,0,0,0,0,0,0,0,0,0,0,0,0,0,0,0,0,0,0,0,0,0,0,0,0,0,0,0,0
859,"DTXSID7021360",217,0,0,0,0,0,0,0,0,0,0,0,0,0,0,0,0,0,0,0,0,0,0,0,0,0,0,0,0,0
859,"DTXSID7021360",218,0,0,0,0,0,0,0,0,0,0,0,0,0,0,0,0,0,0,0,0,0,0,0,0,0,0,0,0,0
859,"DTXSID7021360",219,0,0,0,0,0,0,0,0,0,0,0,0,0,0,0,0,0,0,0,0,0,0,0,0,0,0,0,0,0
859,"DTXSID7021360",220,0,0,0,0,0,0,0,0,0,0,0,0,0,0,0,0,0,0,0,0,0,0,0,0,0,0,0,0,0
859,"DTXSID7021360",221,0,0,0,0,0,0,0,0,0,0,0,0,0,0,0,0,0,0,0,0,0,0,0,0,0,0,0,0,0
859,"DTXSID7021360",222,0,0,0,0,0,0,0,0,0,0,0,0,0,0,0,0,0,0,0,0,0,0,0,0,0,0,0,0,0
859,"DTXSID7021360",223,0,0,0,0,0,0,0,0,0,0,0,0,0,0,0,0,0,0,0,0,0,0,0,0,0,0,0,0,0
859,"DTXSID7021360",224,0,0,0,0,0,0,0,0,0,0,0,0,0,0,0,0,0,0,0,0,0,0,0,0,0,0,0,0,0
859,"DTXSID7021360",225,0,0,0,0,0,0,0,0,0,0,0,0,0,0,0,0,0,0,0,0,0,0,0,0,0,0,0,0,0
859,"DTXSID7021360",226,0,0,0,0,0,0,0,0,0,0,0,0,0,0,0,0,0,0,0,0,0,0,0,0,0,0,0,0,0
859,"DTXSID7021360",227,0,0,0,0,0,0,0,0,0,0,0,0,0,0,0,0,0,0,0,0,0,0,0,0,0,0,0,0,0
859,"DTXSID7021360",228,0,0,0,0,0,0,0,0,0,0,0,0,0,0,0,0,0,0,0,0,0,0,0,0,0,0,0,0,0
859,"DTXSID7021360",229,0,0,0,0,0,0,0,0,0,0,0,0,0,0,0,0,0,0,0,0,0,0,0,0,0,0,0,0,0
859,"DTXSID7021360",230,0,0,0,0,0,0,0,0,0,0,0,0,0,0,0,0,0,0,0,0,0,0,0,0,0,0,0,0,0
859,"DTXSID7021360",231,0,0,0,0,0,0,0,0,0,0,0,0,0,0,0,0,0,0,0,0,0,0,0,0,0,0,0,0,0
859,"DTXSID7021360",232,0,0,0,0,0,0,0,0,0,0,0,0,0,0,0,0,0,0,0,0,0,0,0,0,0,0,0,0,0
859,"DTXSID7021360",233,0,0,0,0,0,0,0,0,0,0,0,0,0,0,0,0,0,0,0,0,0,0,0,0,0,0,0,0,0
859,"DTXSID7021360",234,0,0,0,0,0,0,0,0,0,0,0,0,0,0,0,0,0,0,0,0,0,0,0,0,0,0,0,0,0
859,"DTXSID7021360",235,0,0,0,0,0,0,0,0,0,0,0,0,0,0,0,0,0,0,0,0,0,0,0,0,0,0,0,0,0
859,"DTXSID7021360",236,0,0,0,0,0,0,0,0,0,0,0,0,0,0,0,0,0,0,0,0,0,0,0,0,0,0,0,0,0
859,"DTXSID7021360",237,0,0,0,0,0,0,0,0,0,0,0,0,0,0,0,0,0,0,0,0,0,0,0,0,0,0,0,0,0
859,"DTXSID7021360",238,0,0,0,0,0,0,0,0,0,0,0,0,0,0,0,0,0,0,0,0,0,0,0,0,0,0,0,0,0
859,"DTXSID7021360",239,0,0,0,0,0,0,0,0,0,0,0,0,0,0,0,0,0,0,0,0,0,0,0,0,0,0,0,0,0
859,"DTXSID7021360",240,0,0,0,0,0,0,0,0,0,0,0,0,0,0,0,0,0,0,0,0,0,0,0,0,0,0,0,0,0
859,"DTXSID7021360",241,0,0,0,0,0,0,0,0,0,0,0,0,0,0,0,0,0,0,0,0,0,0,0,0,0,0,0,0,0
859,"DTXSID7021360",242,0,0,0,0,0,0,0,0,0,0,0,0,0,0,0,0,0,0,0,0,0,0,0,0,0,0,0,0,0
859,"DTXSID7021360",243,0,0,0,0,0,0,0,0,0,0,0,0,0,0,0,0,0,0,0,0,0,0,0,0,0,0,0,0,0
859,"DTXSID7021360",244,1.2925298246875,0.00226134523326465,0.000864753269950485,0.00269096889878656,0.03976678893561,0.135624832498843,0.0216999731998148,0,0,2585.059649375,0,0,0,0,0,0,0,0,0,0,0,0,0,0,0,0,2559.20905288125,0,25.85059649375
859,"DTXSID7021360",245,0,0,0,0,0,0,0,0,0,0,0,0,0,0,0,0,0,0,0,0,0,0,0,0,0,0,0,0,0
859,"DTXSID7021360",246,0,0,0,0,0,0,0,0,0,0,0,0,0,0,0,0,0,0,0,0,0,0,0,0,0,0,0,0,0
859,"DTXSID7021360",247,0,0,0,0,0,0,0,0,0,0,0,0,0,0,0,0,0,0,0,0,0,0,0,0,0,0,0,0,0
859,"DTXSID7021360",248,0,0,0,0,0,0,0,0,0,0,0,0,0,0,0,0,0,0,0,0,0,0,0,0,0,0,0,0,0
859,"DTXSID7021360",249,0,0,0,0,0,0,0,0,0,0,0,0,0,0,0,0,0,0,0,0,0,0,0,0,0,0,0,0,0
859,"DTXSID7021360",250,0,0,0,0,0,0,0,0,0,0,0,0,0,0,0,0,0,0,0,0,0,0,0,0,0,0,0,0,0
859,"DTXSID7021360",251,0,0,0,0,0,0,0,0,0,0,0,0,0,0,0,0,0,0,0,0,0,0,0,0,0,0,0,0,0
859,"DTXSID7021360",252,0,0,0,0,0,0,0,0,0,0,0,0,0,0,0,0,0,0,0,0,0,0,0,0,0,0,0,0,0
859,"DTXSID7021360",253,0,0,0,0,0,0,0,0,0,0,0,0,0,0,0,0,0,0,0,0,0,0,0,0,0,0,0,0,0
859,"DTXSID7021360",254,0,0,0,0,0,0,0,0,0,0,0,0,0,0,0,0,0,0,0,0,0,0,0,0,0,0,0,0,0
859,"DTXSID7021360",255,0,0,0,0,0,0,0,0,0,0,0,0,0,0,0,0,0,0,0,0,0,0,0,0,0,0,0,0,0
859,"DTXSID7021360",256,0,0,0,0,0,0,0,0,0,0,0,0,0,0,0,0,0,0,0,0,0,0,0,0,0,0,0,0,0
859,"DTXSID7021360",257,0,0,0,0,0,0,0,0,0,0,0,0,0,0,0,0,0,0,0,0,0,0,0,0,0,0,0,0,0
859,"DTXSID7021360",258,0,0,0,0,0,0,0,0,0,0,0,0,0,0,0,0,0,0,0,0,0,0,0,0,0,0,0,0,0
859,"DTXSID7021360",259,0,0,0,0,0,0,0,0,0,0,0,0,0,0,0,0,0,0,0,0,0,0,0,0,0,0,0,0,0
859,"DTXSID7021360",260,0,0,0,0,0,0,0,0,0,0,0,0,0,0,0,0,0,0,0,0,0,0,0,0,0,0,0,0,0
859,"DTXSID7021360",261,0,0,0,0,0,0,0,0,0,0,0,0,0,0,0,0,0,0,0,0,0,0,0,0,0,0,0,0,0
859,"DTXSID7021360",262,0,0,0,0,0,0,0,0,0,0,0,0,0,0,0,0,0,0,0,0,0,0,0,0,0,0,0,0,0
859,"DTXSID7021360",263,0,0,0,0,0,0,0,0,0,0,0,0,0,0,0,0,0,0,0,0,0,0,0,0,0,0,0,0,0
859,"DTXSID7021360",264,0,0,0,0,0,0,0,0,0,0,0,0,0,0,0,0,0,0,0,0,0,0,0,0,0,0,0,0,0
859,"DTXSID7021360",265,0,0,0,0,0,0,0,0,0,0,0,0,0,0,0,0,0,0,0,0,0,0,0,0,0,0,0,0,0
859,"DTXSID7021360",266,0,0,0,0,0,0,0,0,0,0,0,0,0,0,0,0,0,0,0,0,0,0,0,0,0,0,0,0,0
859,"DTXSID7021360",267,0,0,0,0,0,0,0,0,0,0,0,0,0,0,0,0,0,0,0,0,0,0,0,0,0,0,0,0,0
859,"DTXSID7021360",268,0,0,0,0,0,0,0,0,0,0,0,0,0,0,0,0,0,0,0,0,0,0,0,0,0,0,0,0,0
859,"DTXSID7021360",269,0,0,0,0,0,0,0,0,0,0,0,0,0,0,0,0,0,0,0,0,0,0,0,0,0,0,0,0,0
859,"DTXSID7021360",270,0,0,0,0,0,0,0,0,0,0,0,0,0,0,0,0,0,0,0,0,0,0,0,0,0,0,0,0,0
859,"DTXSID7021360",271,0,0,0,0,0,0,0,0,0,0,0,0,0,0,0,0,0,0,0,0,0,0,0,0,0,0,0,0,0
859,"DTXSID7021360",272,0,0,0,0,0,0,0,0,0,0,0,0,0,0,0,0,0,0,0,0,0,0,0,0,0,0,0,0,0
859,"DTXSID7021360",273,0,0,0,0,0,0,0,0,0,0,0,0,0,0,0,0,0,0,0,0,0,0,0,0,0,0,0,0,0
859,"DTXSID7021360",274,0,0,0,0,0,0,0,0,0,0,0,0,0,0,0,0,0,0,0,0,0,0,0,0,0,0,0,0,0
859,"DTXSID7021360",275,0,0,0,0,0,0,0,0,0,0,0,0,0,0,0,0,0,0,0,0,0,0,0,0,0,0,0,0,0
859,"DTXSID7021360",276,0,0,0,0,0,0,0,0,0,0,0,0,0,0,0,0,0,0,0,0,0,0,0,0,0,0,0,0,0
859,"DTXSID7021360",277,0,0,0,0,0,0,0,0,0,0,0,0,0,0,0,0,0,0,0,0,0,0,0,0,0,0,0,0,0
859,"DTXSID7021360",278,0,0,0,0,0,0,0,0,0,0,0,0,0,0,0,0,0,0,0,0,0,0,0,0,0,0,0,0,0
859,"DTXSID7021360",279,0,0,0,0,0,0,0,0,0,0,0,0,0,0,0,0,0,0,0,0,0,0,0,0,0,0,0,0,0
859,"DTXSID7021360",280,0,0,0,0,0,0,0,0,0,0,0,0,0,0,0,0,0,0,0,0,0,0,0,0,0,0,0,0,0
859,"DTXSID7021360",281,0,0,0,0,0,0,0,0,0,0,0,0,0,0,0,0,0,0,0,0,0,0,0,0,0,0,0,0,0
859,"DTXSID7021360",282,0,0,0,0,0,0,0,0,0,0,0,0,0,0,0,0,0,0,0,0,0,0,0,0,0,0,0,0,0
859,"DTXSID7021360",283,0,0,0,0,0,0,0,0,0,0,0,0,0,0,0,0,0,0,0,0,0,0,0,0,0,0,0,0,0
859,"DTXSID7021360",284,0,0,0,0,0,0,0,0,0,0,0,0,0,0,0,0,0,0,0,0,0,0,0,0,0,0,0,0,0
859,"DTXSID7021360",285,0,0,0,0,0,0,0,0,0,0,0,0,0,0,0,0,0,0,0,0,0,0,0,0,0,0,0,0,0
859,"DTXSID7021360",286,0,0,0,0,0,0,0,0,0,0,0,0,0,0,0,0,0,0,0,0,0,0,0,0,0,0,0,0,0
859,"DTXSID7021360",287,0,0,0,0,0,0,0,0,0,0,0,0,0,0,0,0,0,0,0,0,0,0,0,0,0,0,0,0,0
859,"DTXSID7021360",288,0,0,0,0,0,0,0,0,0,0,0,0,0,0,0,0,0,0,0,0,0,0,0,0,0,0,0,0,0
859,"DTXSID7021360",289,0,0,0,0,0,0,0,0,0,0,0,0,0,0,0,0,0,0,0,0,0,0,0,0,0,0,0,0,0
859,"DTXSID7021360",290,0,0,0,0,0,0,0,0,0,0,0,0,0,0,0,0,0,0,0,0,0,0,0,0,0,0,0,0,0
859,"DTXSID7021360",291,0,0,0,0,0,0,0,0,0,0,0,0,0,0,0,0,0,0,0,0,0,0,0,0,0,0,0,0,0
859,"DTXSID7021360",292,0,0,0,0,0,0,0,0,0,0,0,0,0,0,0,0,0,0,0,0,0,0,0,0,0,0,0,0,0
859,"DTXSID7021360",293,0,0,0,0,0,0,0,0,0,0,0,0,0,0,0,0,0,0,0,0,0,0,0,0,0,0,0,0,0
859,"DTXSID7021360",294,0,0,0,0,0,0,0,0,0,0,0,0,0,0,0,0,0,0,0,0,0,0,0,0,0,0,0,0,0
859,"DTXSID7021360",295,0,0,0,0,0,0,0,0,0,0,0,0,0,0,0,0,0,0,0,0,0,0,0,0,0,0,0,0,0
859,"DTXSID7021360",296,0,0,0,0,0,0,0,0,0,0,0,0,0,0,0,0,0,0,0,0,0,0,0,0,0,0,0,0,0
859,"DTXSID7021360",297,0,0,0,0,0,0,0,0,0,0,0,0,0,0,0,0,0,0,0,0,0,0,0,0,0,0,0,0,0
859,"DTXSID7021360",298,0,0,0,0,0,0,0,0,0,0,0,0,0,0,0,0,0,0,0,0,0,0,0,0,0,0,0,0,0
859,"DTXSID7021360",299,0,0,0,0,0,0,0,0,0,0,0,0,0,0,0,0,0,0,0,0,0,0,0,0,0,0,0,0,0
859,"DTXSID7021360",300,0,0,0,0,0,0,0,0,0,0,0,0,0,0,0,0,0,0,0,0,0,0,0,0,0,0,0,0,0
859,"DTXSID7021360",301,0,0,0,0,0,0,0,0,0,0,0,0,0,0,0,0,0,0,0,0,0,0,0,0,0,0,0,0,0
859,"DTXSID7021360",302,0,0,0,0,0,0,0,0,0,0,0,0,0,0,0,0,0,0,0,0,0,0,0,0,0,0,0,0,0
859,"DTXSID7021360",303,0,0,0,0,0,0,0,0,0,0,0,0,0,0,0,0,0,0,0,0,0,0,0,0,0,0,0,0,0
859,"DTXSID7021360",304,0,0,0,0,0,0,0,0,0,0,0,0,0,0,0,0,0,0,0,0,0,0,0,0,0,0,0,0,0
859,"DTXSID7021360",305,0,0,0,0,0,0,0,0,0,0,0,0,0,0,0,0,0,0,0,0,0,0,0,0,0,0,0,0,0
859,"DTXSID7021360",306,0,0,0,0,0,0,0,0,0,0,0,0,0,0,0,0,0,0,0,0,0,0,0,0,0,0,0,0,0
859,"DTXSID7021360",307,0,0,0,0,0,0,0,0,0,0,0,0,0,0,0,0,0,0,0,0,0,0,0,0,0,0,0,0,0
859,"DTXSID7021360",308,0,0,0,0,0,0,0,0,0,0,0,0,0,0,0,0,0,0,0,0,0,0,0,0,0,0,0,0,0
859,"DTXSID7021360",309,0,0,0,0,0,0,0,0,0,0,0,0,0,0,0,0,0,0,0,0,0,0,0,0,0,0,0,0,0
859,"DTXSID7021360",310,0,0,0,0,0,0,0,0,0,0,0,0,0,0,0,0,0,0,0,0,0,0,0,0,0,0,0,0,0
859,"DTXSID7021360",311,0,0,0,0,0,0,0,0,0,0,0,0,0,0,0,0,0,0,0,0,0,0,0,0,0,0,0,0,0
859,"DTXSID7021360",312,0,0,0,0,0,0,0,0,0,0,0,0,0,0,0,0,0,0,0,0,0,0,0,0,0,0,0,0,0
859,"DTXSID7021360",313,0,0,0,0,0,0,0,0,0,0,0,0,0,0,0,0,0,0,0,0,0,0,0,0,0,0,0,0,0
859,"DTXSID7021360",314,0,0,0,0,0,0,0,0,0,0,0,0,0,0,0,0,0,0,0,0,0,0,0,0,0,0,0,0,0
859,"DTXSID7021360",315,0,0,0,0,0,0,0,0,0,0,0,0,0,0,0,0,0,0,0,0,0,0,0,0,0,0,0,0,0
859,"DTXSID7021360",316,0,0,0,0,0,0,0,0,0,0,0,0,0,0,0,0,0,0,0,0,0,0,0,0,0,0,0,0,0
859,"DTXSID7021360",317,0,0,0,0,0,0,0,0,0,0,0,0,0,0,0,0,0,0,0,0,0,0,0,0,0,0,0,0,0
859,"DTXSID7021360",318,0,0,0,0,0,0,0,0,0,0,0,0,0,0,0,0,0,0,0,0,0,0,0,0,0,0,0,0,0
859,"DTXSID7021360",319,0,0,0,0,0,0,0,0,0,0,0,0,0,0,0,0,0,0,0,0,0,0,0,0,0,0,0,0,0
859,"DTXSID7021360",320,0,0,0,0,0,0,0,0,0,0,0,0,0,0,0,0,0,0,0,0,0,0,0,0,0,0,0,0,0
859,"DTXSID7021360",321,0,0,0,0,0,0,0,0,0,0,0,0,0,0,0,0,0,0,0,0,0,0,0,0,0,0,0,0,0
859,"DTXSID7021360",322,0,0,0,0,0,0,0,0,0,0,0,0,0,0,0,0,0,0,0,0,0,0,0,0,0,0,0,0,0
859,"DTXSID7021360",323,0,0,0,0,0,0,0,0,0,0,0,0,0,0,0,0,0,0,0,0,0,0,0,0,0,0,0,0,0
859,"DTXSID7021360",324,0,0,0,0,0,0,0,0,0,0,0,0,0,0,0,0,0,0,0,0,0,0,0,0,0,0,0,0,0
859,"DTXSID7021360",325,0,0,0,0,0,0,0,0,0,0,0,0,0,0,0,0,0,0,0,0,0,0,0,0,0,0,0,0,0
859,"DTXSID7021360",326,0,0,0,0,0,0,0,0,0,0,0,0,0,0,0,0,0,0,0,0,0,0,0,0,0,0,0,0,0
859,"DTXSID7021360",327,0,0,0,0,0,0,0,0,0,0,0,0,0,0,0,0,0,0,0,0,0,0,0,0,0,0,0,0,0
859,"DTXSID7021360",328,0,0,0,0,0,0,0,0,0,0,0,0,0,0,0,0,0,0,0,0,0,0,0,0,0,0,0,0,0
859,"DTXSID7021360",329,0,0,0,0,0,0,0,0,0,0,0,0,0,0,0,0,0,0,0,0,0,0,0,0,0,0,0,0,0
859,"DTXSID7021360",330,0,0,0,0,0,0,0,0,0,0,0,0,0,0,0,0,0,0,0,0,0,0,0,0,0,0,0,0,0
859,"DTXSID7021360",331,0,0,0,0,0,0,0,0,0,0,0,0,0,0,0,0,0,0,0,0,0,0,0,0,0,0,0,0,0
859,"DTXSID7021360",332,0,0,0,0,0,0,0,0,0,0,0,0,0,0,0,0,0,0,0,0,0,0,0,0,0,0,0,0,0
859,"DTXSID7021360",333,0,0,0,0,0,0,0,0,0,0,0,0,0,0,0,0,0,0,0,0,0,0,0,0,0,0,0,0,0
859,"DTXSID7021360",334,0,0,0,0,0,0,0,0,0,0,0,0,0,0,0,0,0,0,0,0,0,0,0,0,0,0,0,0,0
859,"DTXSID7021360",335,0,0,0,0,0,0,0,0,0,0,0,0,0,0,0,0,0,0,0,0,0,0,0,0,0,0,0,0,0
859,"DTXSID7021360",336,0,0,0,0,0,0,0,0,0,0,0,0,0,0,0,0,0,0,0,0,0,0,0,0,0,0,0,0,0
859,"DTXSID7021360",337,0,0,0,0,0,0,0,0,0,0,0,0,0,0,0,0,0,0,0,0,0,0,0,0,0,0,0,0,0
859,"DTXSID7021360",338,0,0,0,0,0,0,0,0,0,0,0,0,0,0,0,0,0,0,0,0,0,0,0,0,0,0,0,0,0
859,"DTXSID7021360",339,0,0,0,0,0,0,0,0,0,0,0,0,0,0,0,0,0,0,0,0,0,0,0,0,0,0,0,0,0
859,"DTXSID7021360",340,0,0,0,0,0,0,0,0,0,0,0,0,0,0,0,0,0,0,0,0,0,0,0,0,0,0,0,0,0
859,"DTXSID7021360",341,0,0,0,0,0,0,0,0,0,0,0,0,0,0,0,0,0,0,0,0,0,0,0,0,0,0,0,0,0
859,"DTXSID7021360",342,0,0,0,0,0,0,0,0,0,0,0,0,0,0,0,0,0,0,0,0,0,0,0,0,0,0,0,0,0
859,"DTXSID7021360",343,0,0,0,0,0,0,0,0,0,0,0,0,0,0,0,0,0,0,0,0,0,0,0,0,0,0,0,0,0
859,"DTXSID7021360",344,0,0,0,0,0,0,0,0,0,0,0,0,0,0,0,0,0,0,0,0,0,0,0,0,0,0,0,0,0
859,"DTXSID7021360",345,0,0,0,0,0,0,0,0,0,0,0,0,0,0,0,0,0,0,0,0,0,0,0,0,0,0,0,0,0
859,"DTXSID7021360",346,0,0,0,0,0,0,0,0,0,0,0,0,0,0,0,0,0,0,0,0,0,0,0,0,0,0,0,0,0
859,"DTXSID7021360",347,0,0,0,0,0,0,0,0,0,0,0,0,0,0,0,0,0,0,0,0,0,0,0,0,0,0,0,0,0
859,"DTXSID7021360",348,0,0,0,0,0,0,0,0,0,0,0,0,0,0,0,0,0,0,0,0,0,0,0,0,0,0,0,0,0
859,"DTXSID7021360",349,0,0,0,0,0,0,0,0,0,0,0,0,0,0,0,0,0,0,0,0,0,0,0,0,0,0,0,0,0
859,"DTXSID7021360",350,0,0,0,0,0,0,0,0,0,0,0,0,0,0,0,0,0,0,0,0,0,0,0,0,0,0,0,0,0
859,"DTXSID7021360",351,0,0,0,0,0,0,0,0,0,0,0,0,0,0,0,0,0,0,0,0,0,0,0,0,0,0,0,0,0
859,"DTXSID7021360",352,0,0,0,0,0,0,0,0,0,0,0,0,0,0,0,0,0,0,0,0,0,0,0,0,0,0,0,0,0
859,"DTXSID7021360",353,0,0,0,0,0,0,0,0,0,0,0,0,0,0,0,0,0,0,0,0,0,0,0,0,0,0,0,0,0
859,"DTXSID7021360",354,0,0,0,0,0,0,0,0,0,0,0,0,0,0,0,0,0,0,0,0,0,0,0,0,0,0,0,0,0
859,"DTXSID7021360",355,0,0,0,0,0,0,0,0,0,0,0,0,0,0,0,0,0,0,0,0,0,0,0,0,0,0,0,0,0
859,"DTXSID7021360",356,0,0,0,0,0,0,0,0,0,0,0,0,0,0,0,0,0,0,0,0,0,0,0,0,0,0,0,0,0
859,"DTXSID7021360",357,0,0,0,0,0,0,0,0,0,0,0,0,0,0,0,0,0,0,0,0,0,0,0,0,0,0,0,0,0
859,"DTXSID7021360",358,0,0,0,0,0,0,0,0,0,0,0,0,0,0,0,0,0,0,0,0,0,0,0,0,0,0,0,0,0
859,"DTXSID7021360",359,0,0,0,0,0,0,0,0,0,0,0,0,0,0,0,0,0,0,0,0,0,0,0,0,0,0,0,0,0
859,"DTXSID7021360",360,0,0,0,0,0,0,0,0,0,0,0,0,0,0,0,0,0,0,0,0,0,0,0,0,0,0,0,0,0
859,"DTXSID7021360",361,0,0,0,0,0,0,0,0,0,0,0,0,0,0,0,0,0,0,0,0,0,0,0,0,0,0,0,0,0
859,"DTXSID7021360",362,0,0,0,0,0,0,0,0,0,0,0,0,0,0,0,0,0,0,0,0,0,0,0,0,0,0,0,0,0
859,"DTXSID7021360",363,1.2925298246875,0.00226134523326465,0.000864753269950485,0.00269096889878656,0.03976678893561,0.135624832498843,0.0216999731998148,0,0,2585.059649375,0,0,0,0,0,0,0,0,0,0,0,0,0,0,0,0,2559.20905288125,0,25.85059649375
859,"DTXSID7021360",364,0,0,0,0,0,0,0,0,0,0,0,0,0,0,0,0,0,0,0,0,0,0,0,0,0,0,0,0,0
859,"DTXSID8020462",1,0,0,0,0,0,0,0,0,0,0,0,0,0,0,0,0,0,0,0,0,0,0,0,0,0,0,0,0,0
859,"DTXSID8020462",2,0,0,0,0,0,0,0,0,0,0,0,0,0,0,0,0,0,0,0,0,0,0,0,0,0,0,0,0,0
859,"DTXSID8020462",3,0,0,0,0,0,0,0,0,0,0,0,0,0,0,0,0,0,0,0,0,0,0,0,0,0,0,0,0,0
859,"DTXSID8020462",4,0,0,0,0,0,0,0,0,0,0,0,0,0,0,0,0,0,0,0,0,0,0,0,0,0,0,0,0,0
859,"DTXSID8020462",5,0,0,0,0,0,0,0,0,0,0,0,0,0,0,0,0,0,0,0,0,0,0,0,0,0,0,0,0,0
859,"DTXSID8020462",6,0,0,0,0.0121702578485436,1.08394181728741,0.109532320636892,0.0175251713019028,0.328596961910677,0.262488430219384,2318.793621678,0.00615647598266087,0.00615647598266087,0,1.63423693376971e-06,0.0025011626725759,0.000149345801165044,0.000149345801165044,0,0,0,0.00203593225873369,0.00390092551915631,0.000624148083065009,7.435672336379e-05,5.93973221131721e-05,0,1.34535724162352,2263.8377423699,23.1899721746018
859,"DTXSID8020462",7,0,0,0,0.0121702578485436,1.08394181728741,0.109532320636892,0.0175251713019028,0.328596961910677,0.262488430219384,2318.793621678,0.0182502679602719,0.0182502679602719,0,3.23722158432438e-06,0.00741445091563745,0.00019623233822407,0.00019623233822407,0,0,0,0.00208456705749852,0.00484686636567291,0.000775498618507666,0.000220423198248303,0.000176077523528233,0,1.77741256511799,2263.8377423699,23.1956026194297
859,"DTXSID8020462",8,0,0,0,0,0,0,0,0,0,0,0.00990382586119161,0.00990382586119161,0,3.17838064597329e-06,0.00402358096246452,6.34851485236613e-05,6.34851485236613e-05,0,0,0,9.6416863150424e-05,0.00107510320578891,0.000172016512926226,0.0001196164886987,9.55515357303012e-05,0,0.854897142211742,0,0.0111470927398541
859,"DTXSID8020462",9,0,0,0,0,0,0,0,0,0,0,0.0099471326190266,0.0099471326190266,0,3.11417288697005e-06,0.00404117499620593,6.28688699372386e-05,6.28688699372386e-05,0,0,0,9.45796044578022e-05,0.00106919030398528,0.000171070448637645,0.000120139539323959,9.59693568104202e-05,0,0.837141638027538,0,0.010921851777813
859,"DTXSID8020462",10,0,0,0,0,0,0,0,0,0,0,0.00774867556789194,0.00774867556789194,0,3.04866869670871e-06,0.00314801814331706,5.43439757944759e-05,5.43439757944759e-05,0,0,0,9.22006235922269e-05,0.000897727679232393,0.000143636428677183,9.35870012747904e-05,7.47587710815076e-05,0,0.820230199614754,0,0.0107012150118186
859,"DTXSID8020462",11,0,0,0,0,0,0,0,0,0,0,0.00936604734284041,0.00936604734284041,0,2.99216571439415e-06,0.00380510020171739,6.04221951137944e-05,6.04221951137944e-05,0,0,0,9.04918087873098e-05,0.00102194480933581,0.000163511169493729,0.00011312130401307,9.03630798717852e-05,0,0.803660396041554,0,0.0104850354187925
859,"DTXSID8020462",12,0,0,0,0,0,0,0,0,0,0,0.0090854505495018,0.0090854505495018,0,2.92425038330905e-06,0.00369110345625462,5.84093099285996e-05,5.84093099285996e-05,0,0,0,8.84827185921962e-05,0.000988863880288376,0.00015821822084614,0.000109732310342372,8.76558983340358e-05,0,0.787425325803683,0,0.0102732229575724
859,"DTXSID8020462",13,0,0,0,0,0,0,0,0,0,0,0.0205261707650537,0.0205261707650537,0,2.89210237345429e-06,0.00833907129225604,8.30238126943244e-05,8.30238126943244e-05,0,0,0,8.74656018257804e-05,0.0016474174945519,0.000263586799128304,0.00024791111109563,0.000198035301382744,0,0.771518226817011,0,0.0100656894059541
859,"DTXSID8020462",14,0,0,0,0,0,0,0,0,0,0,0.0204347320841884,0.0204347320841884,0,2.83367783816624e-06,0.00830192292750095,8.23955418408536e-05,8.23955418408536e-05,0,0,0,8.56986736605585e-05,0.00163687658647771,0.000261900253836433,0.000246806732435338,0.000197153106309417,0,0.755932473601017,0,0.00986234832394585
859,"DTXSID8020462",15,0,0,0,0,0,0,0,0,0,0,0.00758753502331292,0.00758753502331292,0,2.75526635997106e-06,0.00308255232873828,5.46049956993655e-05,5.46049956993655e-05,0,0,0,8.33272821104735e-05,0.000895426021587315,0.00014326816345397,9.16407770176508e-05,7.32040964821413e-05,0,0.740661574519204,0,0.00966311501776545
859,"DTXSID8020462",16,0,0,0,0,0,0,0,0,0,0,0.00895560643638858,0.00895560643638858,0,2.6996061045964e-06,0.00363835229635613,5.48651154791981e-05,5.48651154791981e-05,0,0,0,8.2073599185342e-05,0.000941955103001629,0.000150712816480261,0.000108164078317043,8.64031698847076e-05,0,0.725699169075264,0,0.00946790650456414
859,"DTXSID8020462",17,0,0,0,0,0,0,0,0,0,0,0.00644255233524281,0.00644255233524281,0,2.64282200226026e-06,0.00261738557291691,4.87968387836888e-05,4.87968387836888e-05,0,0,0,7.99266371300742e-05,0.000789664339556732,0.000126346294329077,7.78118980887085e-05,6.21573701197147e-05,0,0.711039025263857,0,0.00927664147786342
859,"DTXSID8020462",18,0,0,0,0,0,0,0,0,0,0,0.00673485076117549,0.00673485076117549,0,2.58943328104888e-06,0.00273613628586609,4.73421049665e-05,4.73421049665e-05,0,0,0,7.83120066542227e-05,0.00078142184263541,0.000125027494821666,8.1342221809285e-05,6.49774483279615e-05,0,0.696675036974916,0,0.00908924027369002
859,"DTXSID8020462",19,0,0,0,0,0,0,0,0,0,0,0.00719052448970555,0.00719052448970555,0,2.55878933777632e-06,0.00292126071807094,5.20816271602351e-05,5.20816271602351e-05,0,0,0,7.73852445294614e-05,0.000852777357363126,0.0001364443771781,8.6845760761095e-05,6.93737619509235e-05,0,0.682601221450387,0,0.00890562483739494
859,"DTXSID8020462",20,0,0,0,0.0121702578485436,1.08394181728741,0.109532320636892,0.0175251713019028,0.328596961910677,0.262488430219384,2318.793621678,0.0226802148383826,0.0226802148383826,0,4.11904973034735e-06,0.00921418469259535,0.000214387401247691,0.000214387401247691,0,0,0,0.00211109357931866,0.00510052981326197,0.000816084770121916,0.000273927237809195,0.000218817393285617,0,2.01416895841585,2263.8377423699,23.198697893293
859,"DTXSID8020462",21,0,0,0,0,0,0,0,0,0,0,0.0290417548064055,0.0290417548064055,0,4.07419078789502e-06,0.0117986577503854,0.000116677381780829,0.000116677381780829,0,0,0,0.000123215527395412,0.00232135167868689,0.000371416268589903,0.000350760684232473,0.000280193160799479,0,1.0873561030159,0,0.0141798917298912
859,"DTXSID8020462",22,0,0,0,0,0,0,0,0,0,0,0.0112793222959144,0.0112793222959144,0,3.96145273952958e-06,0.00458239745886267,7.82711529977824e-05,7.82711529977824e-05,0,0,0,0.000119805872415746,0.00129605870684224,0.000207369393094759,0.000136229467970059,0.000108822245309751,0,1.06490460090193,0,0.0138933839630367
859,"DTXSID8020462",23,0,0,0,0,0,0,0,0,0,0,0.00979166867971711,0.00979166867971711,0,3.88142582295256e-06,0.00397801538947188,7.36786942698683e-05,7.36786942698683e-05,0,0,0,0.000117385625302463,0.0011942758497918,0.000191084135966688,0.000118261876004742,9.44694497684444e-05,0,1.04339203032179,0,0.0136127180678493
859,"DTXSID8020462",24,0,0,0,0,0,0,0,0,0,0,0.00966436731792888,0.00966436731792888,0,3.80301556263725e-06,0.00392629726124892,7.54235685434922e-05,7.54235685434922e-05,0,0,0,0.000115014270584614,0.00121133999393683,0.000193814399029893,0.000116724354836954,9.32412536359691e-05,0,1.02231404392188,0,0.0133377220184628
859,"DTXSID8020462",25,0,0,0,0,0,0,0,0,0,0,0.0107827632930746,0.0107827632930746,0,3.72618929985356e-06,0.0043806627576907,7.07082356465783e-05,7.07082356465783e-05,0,0,0,0.000112690820567049,0.00119030450076602,0.000190448720122564,0.000130232124601556,0.000104031472938846,0,1.00166186249054,0,0.0130682812760179
859,"DTXSID8020462",26,0,0,0,0,0,0,0,0,0,0,0.010155591336996,0.010155591336996,0,3.65091503562368e-06,0.0041258645435422,7.03213169475698e-05,7.03213169475698e-05,0,0,0,0.000110414307507452,0.0011653819610724,0.000186461113771585,0.000122657263305743,9.79805543938106e-05,0,0.981426884168568,0,0.0128042836155018
859,"DTXSID8020462",27,0,0,0,0,0,0,0,0,0,0,0.0266887295557014,0.0266887295557014,0,3.60464278714782e-06,0.0108427051987528,0.000104909851690908,0.000104909851690908,0,0,0,0.00010901489990075,0.00210530197087387,0.00033684831533982,0.000322341301435012,0.000257491310073491,0,0.961600680866411,0,0.0125456190790046
859,"DTXSID8020462",28,0,0,0,0,0,0,0,0,0,0,0.0254823738809509,0.0254823738809509,0,3.53182393341304e-06,0.0103526047269839,0.000102044579129694,0.000102044579129694,0,0,0,0.00010681264560829,0.00203262228484627,0.000325219565575402,0.000307771171471313,0.000245852460706091,0,0.942174994753786,0,0.0122921799299207
859,"DTXSID8020462",29,0,0,0,0,0,0,0,0,0,0,0.00748454723638985,0.00748454723638985,0,3.43409386275574e-06,0.00304071196273854,6.58543562036488e-05,6.58543562036488e-05,0,0,0,0.000103857003538017,0.00102726569350764,0.000164362510961223,9.03969104934159e-05,7.22104763054654e-05,0,0.923141734820193,0,0.0120438606080755
859,"DTXSID8020462",30,0,0,0,0,0,0,0,0,0,0,0.00585813846365832,0.00585813846365832,0,3.36186038506334e-06,0.00237995848556052,6.17593069999472e-05,6.17593069999472e-05,0,0,0,0.000101672452722553,0.000926464880307162,0.000148234380849146,7.07534606479133e-05,5.65189790863257e-05,0,0.904492973504921,0,0.0118005576857587
859,"DTXSID8020462",31,0,0,0,0,0,0,0,0,0,0,0.00747360135090157,0.00747360135090157,0,3.29394607729073e-06,0.00303626502909034,6.11362609156674e-05,6.11362609156674e-05,0,0,0,9.96185261892341e-05,0.000970187414465653,0.000155229986314505,9.02647082105651e-05,7.21048710390772e-05,0,0.886220943395136,0,0.0115621698246447
859,"DTXSID8020462",32,0,0,0,0,0,0,0,0,0,0,0.00722441987527617,0.00722441987527617,0,3.23014930316012e-06,0.00293503123766698,5.96718109730035e-05,5.96718109730035e-05,0,0,0,9.76891258695586e-05,0.000944844342132818,0.000151175094741251,8.72551426567252e-05,6.97007826589647e-05,0,0.868318033990666,0,0.011328597733585
859,"DTXSID8020462",33,0,0,0,0,0,0,0,0,0,0,0.0103755267460578,0.0103755267460578,0,3.16758813771708e-06,0.00421521667243418,6.37833122467936e-05,6.37833122467936e-05,0,0,0,9.57970939565034e-05,0.00109412557601256,0.000175060092162009,0.000125313600537557,0.000100102478425177,0,0.850776788534146,0,0.0110997441272517
859,"DTXSID8020462",34,0,0,0,0,0,0,0,0,0,0,0.0218808653713107,0.0218808653713107,0,3.12478337788804e-06,0.00888943672719849,8.93496929719772e-05,8.93496929719772e-05,0,0,0,9.45025533089042e-05,0.00176606433642283,0.000282570293827654,0.000264272849915625,0.000211105316131351,0,0.833589900905198,0,0.0108755136856175
859,"DTXSID8020462",35,0,0,0,0.0121702578485436,1.08394181728741,0.109532320636892,0.0175251713019028,0.328596961910677,0.262488430219384,2318.793621678,0.0297672464313187,0.0297672464313187,0,4.67149673603467e-06,0.0120933998360542,0.000240429547521907,0.000240429547521907,0,0,0,0.00212805451311315,0.00574461839296336,0.000919138942874137,0.000359523031427256,0.000287192661789452,0,2.1805738641021,2263.8377423699,23.2008649227875
859,"DTXSID8020462",36,0,0,0,0,0,0,0,0,0,0,0.0115574549339066,0.0115574549339066,0,4.58487691917475e-06,0.00469539310347014,9.17238226069126e-05,9.17238226069126e-05,0,0,0,0.000138660035955589,0.0014669426415995,0.00023471082265592,0.000139588700050209,0.000111505652820076,0,1.23163085884189,0,0.0160661753896564
859,"DTXSID8020462",37,0,0,0,0,0,0,0,0,0,0,0.00961874851515294,0.00961874851515294,0,4.48462252855361e-06,0.00390776392383445,8.22747228739997e-05,8.22747228739997e-05,0,0,0,0.000135628051075141,0.00129153303408781,0.00020664528545405,0.000116173379781134,9.28011260807685e-05,0,1.20656693059615,0,0.0157415956600032
859,"DTXSID8020462",38,0,0,0,0,0,0,0,0,0,0,0.011938797711424,0.011938797711424,0,4.3977648679235e-06,0.00485031944822794,8.99727523496838e-05,8.99727523496838e-05,0,0,0,0.000133001222360527,0.00145758660391811,0.000233213856626897,0.000144194484186215,0.000115184825752047,0,1.18219258172763,0,0.0154235932892816
859,"DTXSID8020462",39,0,0,0,0,0,0,0,0,0,0,0.0107482646937491,0.0107482646937491,0,4.30526132457869e-06,0.00436664717326673,7.8162758472268e-05,7.8162758472268e-05,0,0,0,0.000130203645703513,0.00127793440829121,0.000204469505326594,0.000129815457207139,0.000103698632459591,0,1.15831062898543,0,0.0151120150136751
859,"DTXSID8020462",40,0,0,0,0,0,0,0,0,0,0,0.0109720895705641,0.0109720895705641,0,4.22187751140975e-06,0.00445757945801216,8.48906354076079e-05,8.48906354076079e-05,0,0,0,0.000127746653263689,0.0013666052150962,0.000218656834415392,0.000132518770676426,0.000105858081849561,0,1.13491112527531,0,0.0148067310574279
859,"DTXSID8020462",41,0,0,0,0.0121702578485436,1.08394181728741,0.109532320636892,0.0175251713019028,0.328596961910677,0.262488430219384,2318.793621678,0.034800749852466,0.034800749852466,0,5.76625371873272e-06,0.0141383377038724,0.000269191332715169,0.000269191332715169,0,0,0,0.0021612477227913,0.00624584308264621,0.000999334893223394,0.000420316709903555,0.000335755609960724,0,2.45734156607183,2263.8377423699,23.2044797888683
859,"DTXSID8020462",42,0,0,0,0,0,0,0,0,0,0,0.0400536590979604,0.0400536590979604,0,5.70190138907948e-06,0.0162724125486801,0.000163793099761577,0.000163793099761577,0,0,0,0.000172442238260684,0.00323518349677076,0.000517629359483321,0.000483760329390154,0.000386435372760844,0,1.5215760007359,0,0.0198449848831231
859,"DTXSID8020462",43,0,0,0,0,0,0,0,0,0,0,0.0147275155352836,0.0147275155352836,0,5.548838927157e-06,0.00598327878162406,0.00011087134420515,0.00011087134420515,0,0,0,0.000167813055531098,0.00179679345270805,0.000287486952433288,0.000177876077414614,0.000142090213076394,0,1.49035264601741,0,0.0194440342673988
859,"DTXSID8020462",44,0,0,0,0,0,0,0,0,0,0,0.0144376952286499,0.0144376952286499,0,5.4275062338028e-06,0.0058655348425998,0.000107960376500606,0.000107960376500606,0,0,0,0.000164143601384946,0.00175223821766247,0.000280358114825995,0.000174375683938499,0.000139294043618973,0,1.46024542659177,0,0.019051237429837
859,"DTXSID8020462",45,0,0,0,0,0,0,0,0,0,0,0.0159091158678695,0.0159091158678695,0,5.32238690848124e-06,0.0064633220164374,0.000105768919951403,0.000105768919951403,0,0,0,0.000160964486725257,0.00177276800769128,0.000283642881230605,0.000192147217154963,0.000153490224342791,0,1.43074641534023,0,0.0186663756408087
859,"DTXSID8020462",46,0,0,0,0,0,0,0,0,0,0,0.0131527372998972,0.0131527372998972,0,5.2104346639041e-06,0.00534350100111676,9.69539733700633e-05,9.69539733700633e-05,0,0,0,0.000157578724679776,0.00157957526810824,0.000252732042897319,0.000158856211189565,0.000126896844277832,0,1.40184332560227,0,0.0182892886011739
859,"DTXSID8020462",47,0,0,0,0,0,0,0,0,0,0,0.0155717900695465,0.0155717900695465,0,5.109519556135e-06,0.00632627824372739,0.000104501439011635,0.000104501439011635,0,0,0,0.000154526757807733,0.00174754381281729,0.000279607010050766,0.000188073061560104,0.000150235724665296,0,1.37352411892524,0,0.0179198192500608
859,"DTXSID8020462",48,0,0,0,0,0,0,0,0,0,0,0.0366548394592598,0.0366548394592598,0,5.04047277734521e-06,0.0148915900074929,0.000145436426938652,0.000145436426938652,0,0,0,0.000152438582051435,0.0029074897376917,0.000465198358030671,0.000442710044722423,0.000353643758621026,0,1.34577700005016,0,0.0175578136994481
859,"DTXSID8020462",49,0,0,0,0.0121702578485436,1.08394181728741,0.109532320636892,0.0175251713019028,0.328596961910677,0.262488430219384,2318.793621678,0.0414547980843971,0.0414547980843971,0,6.53417656766055e-06,0.0168416467245035,0.000291560490115843,0.000291560490115843,0,0,0,0.00218453126840366,0.00672633281608756,0.00107621325057401,0.000500683014429796,0.000399953480187413,0,2.66394765362238,2263.8377423699,23.2071752957719
859,"DTXSID8020462",50,0,0,0,0.0121702578485436,1.08394181728741,0.109532320636892,0.0175251713019028,0.328596961910677,0.262488430219384,2318.793621678,0.0224300791857434,0.0224300791857434,0,6.41693485884249e-06,0.00911256325214408,0.000245916078043635,0.000245916078043635,0,0,0,0.0022263683274572,0.00417842082751576,0.000668547332402522,0.000270906147890368,0.000216404099061186,0,2.7895348758698,2263.8377423699,23.2110135907922
859,"DTXSID8020462",51,0,0,0,0,0,0,0,0,0,0,0.0220337483022685,0.0220337483022685,0,7.88886641859947e-06,0.00895154775975388,0.000169428961815259,0.000169428961815259,0,0,0,0.000520610870566031,0.00273016620148344,0.00043682659223735,0.000266119340316349,0.000212580321754906,0,2.29351592405696,0,0.0277099591884666
859,"DTXSID8020462",52,0,0,0,0,0,0,0,0,0,0,0.0203166513351474,0.0203166513351474,0,7.73607574840148e-06,0.00825395081444748,0.000144153942805023,0.000144153942805023,0,0,0,0.000233961469453652,0.00237338664801211,0.000379741863681937,0.000245380576040712,0.000196013870112296,0,2.0795862525989,0,0.0271315292158317
859,"DTXSID8020462",53,0,0,0,0,0,0,0,0,0,0,0.0215668692253892,0.0215668692253892,0,7.57979613855705e-06,0.00876187098313914,0.000148389424848455,0.000148389424848455,0,0,0,0.000229235118736054,0.00246427089938236,0.000394283343901177,0.000260480465339555,0.000208075899582968,0,2.03757568563252,0,0.0265834341689057
859,"DTXSID8020462",54,0,0,0,0,0,0,0,0,0,0,0.0213388072699073,0.0213388072699073,0,7.42667359661727e-06,0.00866921732028194,0.000142632756197466,0.000142632756197466,0,0,0,0.000224604246949915,0.00238765008675781,0.00038202401388125,0.000257725977255572,0.000205875571104522,0,1.99641379121274,0,0.0260464114127493
859,"DTXSID8020462",55,0,0,0,0,0,0,0,0,0,0,0.0497559870782082,0.0497559870782082,0,7.33254681397275e-06,0.0202141319104758,0.000210028781664852,0.000210028781664852,0,0,0,0.000221757578807219,0.00409809266183248,0.000655694825893197,0.00060094316574717,0.000480042868658415,0,1.95608342494878,0,0.0255202372715159
859,"DTXSID8020462",56,0,0,0,0.0121702578485436,1.08394181728741,0.109532320636892,0.0175251713019028,0.328596961910677,0.262488430219384,2318.793621678,0.0542617162005707,0.0542617162005707,0,8.75773376846402e-06,0.02204465338499,0.000355394731863722,0.000355394731863722,0,0,0,0.0022519205389379,0.00789375397416838,0.00126300063586694,0.000655362488562244,0.000523513881099528,0,3.26192503042599,2263.8377423699,23.2149768671898
859,"DTXSID8020462",57,0,0,0,0,0,0,0,0,0,0,0.0273510593288105,0.0273510593288105,0,8.58372085914181e-06,0.0111117868146158,0.000166289750398523,0.000166289750398523,0,0,0,0.000261274789854326,0.00286121296126917,0.000457794073803067,0.00033034079202888,0.000263881429191848,0,2.3099057475741,0,0.0301300074598221
859,"DTXSID8020462",58,0,0,0,0,0,0,0,0,0,0,0.0220606960639651,0.0220606960639651,0,8.41747232683421e-06,0.00896249570072773,0.000160519833999373,0.000160519833999373,0,0,0,0.000254568887213716,0.00262400534423277,0.000419840855077243,0.000266444810157763,0.000212840312192005,0,2.26275702329209,0,0.0295212849235785
859,"DTXSID8020462",59,0,0,0,0,0,0,0,0,0,0,0.0256295485962258,0.0256295485962258,0,8.24041738196475e-06,0.0104123967094799,0.000158503795020201,0.000158503795020201,0,0,0,0.00024991647658281,0.00271310540607406,0.00043409686497185,0.00030954871914967,0.000247272393796827,0,2.21704614916497,0,0.0289249134504946
859,"DTXSID8020462",60,0,0,0,0,0,0,0,0,0,0,0.017476735887654,0.017476735887654,0,8.07394936183519e-06,0.00710019166220723,0.000143281152491053,0.000143281152491053,0,0,0,0.000244445007419027,0.00227232350131158,0.000363571760209853,0.000211080627839736,0.000168614531093672,0,2.1722586989813,0,0.0283405895198815
859,"DTXSID8020462",61,0,0,0,0,0,0,0,0,0,0,0.0296447602831527,0.0296447602831527,0,7.92430954741622e-06,0.0120436379621245,0.000166756174469279,0.000166756174469279,0,0,0,0.000239717209427022,0.00294007637474518,0.000470412219959229,0.000358043667476072,0.000286010922557867,0,2.12837601827874,0,0.0277680697544379
859,"DTXSID8020462",62,0,0,0,0.0121702578485436,1.08394181728741,0.109532320636892,0.0175251713019028,0.328596961910677,0.262488430219384,2318.793621678,0.0625000810338885,0.0625000810338885,0,9.38571576824878e-06,0.0253916152934243,0.000376503694699246,0.000376503694699246,0,0,0,0.00227094487115739,0.00841209626977777,0.00134593540316444,0.000754863861848887,0.000602997145725035,0,3.43073707106484,2263.8377423699,23.2171792902953
859,"DTXSID8020462",63,0,0,0,0,0,0,0,0,0,0,0.0653529562839347,0.0653529562839347,0,9.27704605111676e-06,0.0265506395639692,0.000265699794043795,0.000265699794043795,0,0,0,0.000280565028916199,0.00526008064057785,0.000841612902492456,0.000789320336032582,0.00063052152016472,0,2.47530754758112,0,0.0322879385211855
859,"DTXSID8020462",64,0,0,0,0,0,0,0,0,0,0,0.022392721585439,0.022392721585439,0,9.01267123872801e-06,0.00909738615477838,0.000170357496422667,0.000170357496422667,0,0,0,0.000272569436403357,0.00275392013271851,0.000440627221234961,0.000270454950036402,0.000216043675106816,0,2.42481747432409,0,0.0316356227426691
859,"DTXSID8020462",65,0,0,0,0,0,0,0,0,0,0,0.0249807192344317,0.0249807192344317,0,8.83811484410619e-06,0.0101487998425123,0.000170074888137027,0.000170074888137027,0,0,0,0.000267290342465233,0.00283231594237824,0.000453170550780519,0.000301712283906341,0.000241012525861419,0,2.37583275117038,0,0.0309965386721142
859,"DTXSID8020462",66,0,0,0,0,0,0,0,0,0,0,0.0246356646984264,0.0246356646984264,0,8.65957249466209e-06,0.0100086161517304,0.000169350058604586,0.000169350058604586,0,0,0,0.000261890701640325,0.00281272794922106,0.000450036471875369,0.000297544782116124,0.000237683459772403,0,2.32783758831469,0,0.0303703649985683
859,"DTXSID8020462",67,0,0,0,0,0,0,0,0,0,0,0.0226351455967169,0.0226351455967169,0,8.48463695177202e-06,0.00919587462280003,0.000164095924037614,0.000164095924037614,0,0,0,0.000256600141153932,0.0026852466099569,0.000429639457593104,0.000273382900245921,0.000218382567864035,0,2.28081199524727,0,0.0297568409138553
859,"DTXSID8020462",68,0,0,0,0,0,0,0,0,0,0,0.0145507135304234,0.0145507135304234,0,8.30616925156416e-06,0.00591145025890452,0.000146230370804725,0.000146230370804725,0,0,0,0.000251202757939417,0.00221540858727206,0.00035446537396353,0.000175740697076483,0.000140384437619377,0,2.23473638529485,0,0.0291557108784906
859,"DTXSID8020462",69,0,0,0,0,0,0,0,0,0,0,0.0554593222041227,0.0554593222041227,0,8.20089560817869e-06,0.0225311991688074,0.000236509319814049,0.000236509319814049,0,0,0,0.000248018976251874,0.00459770655683163,0.00073563304909306,0.000669826941693506,0.000535068314148239,0,2.18959156746248,0,0.0285667245152471
859,"DTXSID8020462",70,0,0,0,0,0,0,0,0,0,0,0.0571310078640004,0.0571310078640004,0,8.03522598346155e-06,0.0232103470749379,0.000229335189916135,0.000229335189916135,0,0,0,0.000243008644127002,0.00456372453811952,0.000730195926099123,0.000690017237004138,0.000551196640140475,0,2.1453587384403,0,0.0279896365048695
859,"DTXSID8020462",71,0,0,0,0,0,0,0,0,0,0,0.0249563021867006,0.0249563021867006,0,7.82617960817825e-06,0.0101388800428523,0.00016318204444264,0.00016318204444264,0,0,0,0.000236686472688163,0.00274888061395215,0.000439820898232344,0.000301417379537573,0.000240776951605428,0,2.10201947477176,0,0.0274242064838963
859,"DTXSID8020462",72,0,0,0,0,0,0,0,0,0,0,0.0140693769158811,0.0140693769158811,0,7.65504985238617e-06,0.00571589988615427,0.00014112960296175,0.00014112960296175,0,0,0,0.000231511010291659,0.0021389003644671,0.000342224058314736,0.000169927206762676,0.000135740529965168,0,2.05955572518004,0,0.0268701989445465
859,"DTXSID8020462",73,0,0,0,0,0,0,0,0,0,0,0.0258445247167833,0.0258445247167833,0,7.56445824875539e-06,0.0104997340514508,0.000151273202805741,0.000151273202805741,0,0,0,0.000228771256261975,0.00263416543957722,0.000421466470332356,0.000312145159056384,0.000249346470901221,0,2.0179498030495,0,0.0263273831366269
859,"DTXSID8020462",74,0,0,0,0,0,0,0,0,0,0,0.0206492293466592,0.0206492293466592,0,7.35514004573255e-06,0.00838906572603904,0.000143522392217628,0.000143522392217628,0,0,0,0.00022244086396033,0.00237703442092456,0.00038032550734793,0.000249397388786918,0.00019922256341885,0,1.977184379059,0,0.025795532971423
859,"DTXSID8020462",75,0,0,0,0,0,0,0,0,0,0,0.0211564697237337,0.0211564697237337,0,7.20655587281571e-06,0.00859513989911064,0.000145994422489766,0.000145994422489766,0,0,0,0.000217947245675845,0.00242117337471767,0.000387387739954826,0.000255523739722631,0.000204116389066957,0,1.93724247396407,0,0.0252744269275304
859,"DTXSID8020462",76,0,0,0,0,0,0,0,0,0,0,0.0484760751627637,0.0484760751627637,0,7.11521889544201e-06,0.0196941480891938,0.000203232767233988,0.000203232767233988,0,0,0,0.000215184949372552,0.00397647840032013,0.000636236544051221,0.000585484637768702,0.000467694352960107,0,1.89810745152485,0,0.0247638479585885
859,"DTXSID8020462",77,0,0,0,0.0121702578485436,1.08394181728741,0.109532320636892,0.0175251713019028,0.328596961910677,0.262488430219384,2318.793621678,0.0602477670203078,0.0602477670203078,0,8.5761405524313e-06,0.0244765782245632,0.000350371604755274,0.000350371604755274,0,0,0,0.00224659096104911,0.00791356807026728,0.00126617089124276,0.000727660849848535,0.000581266951155699,0,3.3143312805523,2263.8377423699,23.2156542011189
859,"DTXSID8020462",78,0,0,0,0,0,0,0,0,0,0,0.0249463928108264,0.0249463928108264,0,8.37580772027696e-06,0.0101348542071121,0.000164199853016078,0.000164199853016078,0,0,0,0.000253308828122915,0.00276110975505643,0.000441777560809029,0.000301297696016894,0.000240681346523495,0,2.25155831648755,0,0.0293751613214085
859,"DTXSID8020462",79,0,0,0,0,0,0,0,0,0,0,0.0178789115339658,0.0178789115339658,0,8.19962915780956e-06,0.00726358167902971,0.00015181219126626,0.00015181219126626,0,0,0,0.000247980675102947,0.00238888715682728,0.000382221945092364,0.000215938027326176,0.00017249469833177,0,2.20607226627738,0,0.0287817415941672
859,"DTXSID8020462",80,0,0,0,0,0,0,0,0,0,0,0.0261993135702661,0.0261993135702661,0,8.04081967002164e-06,0.0106438724578178,0.000162841875785704,0.000162841875785704,0,0,0,0.000243177813505616,0.00278318335381723,0.000445309336610757,0.000316430230045904,0.000252769453118943,0,2.1615065039613,0,0.0282003099364034
859,"DTXSID8020462",81,0,0,0,0,0,0,0,0,0,0,0.0233104983700532,0.0233104983700532,0,7.87838380438007e-06,0.00947024703199107,0.000153787647060722,0.000153787647060722,0,0,0,0.000238265279676648,0.00258407754258858,0.000413452406814172,0.000281539680111768,0.000224898332130941,0,2.11784103271962,0,0.0276306240158301
859,"DTXSID8020462",82,0,0,0,0,0,0,0,0,0,0,0.0234508069805771,0.0234508069805771,0,7.71922937166817e-06,0.00952724955425732,0.000155613146870552,0.000155613146870552,0,0,0,0.000233451985939829,0.00260993876211832,0.000417590201938931,0.000283234300308072,0.00022625202144249,0,2.07505766540651,0,0.0270724465520373
859,"DTXSID8020462",83,0,0,0,0,0,0,0,0,0,0,0.0541178912325825,0.0541178912325825,0,7.62139469295264e-06,0.0219862222886404,0.000217338023085139,0.000217338023085139,0,0,0,0.000230493180217103,0.00432414669663109,0.000691863471460975,0.000653625398482202,0.000522126266175736,0,2.03313858228204,0,0.0265255450580129
859,"DTXSID8020462",84,0,0,0,0,0,0,0,0,0,0,0.0515045640653251,0.0515045640653251,0,7.46108461828956e-06,0.020924518096115,0.000214446971913233,0.000214446971913233,0,0,0,0.000225644936500753,0.00420704430741738,0.00067312708918678,0.00062206213960129,0.00049691303770252,0,1.99206632359012,0,0.0259896917433096
859,"DTXSID8020462",85,0,0,0,0,0,0,0,0,0,0,0.0226587627637877,0.0226587627637877,0,7.26079844416898e-06,0.00920546945868925,0.000144490246895228,0.000144490246895228,0,0,0,0.000219587699067654,0.00245210365215165,0.000392336584344265,0.000273668143811147,0.00021861042491795,0,1.95182378228625,0,0.0254646634191673
859,"DTXSID8020462",86,0,0,0,0,0,0,0,0,0,0,0.0195162882835077,0.0195162882835077,0,7.11412010428222e-06,0.00792879106479392,0.000136453234333419,0.000136453234333419,0,0,0,0.000215151718726585,0.0022556240765962,0.000360899852255391,0.000235713946269235,0.000188292013953088,0,1.91239419691232,0,0.0249502414055528
859,"DTXSID8020462",87,0,0,0,0,0,0,0,0,0,0,0.0201148309843548,0.0201148309843548,0,6.97040487314409e-06,0.00817195820546299,0.000138454119449359,0.000138454119449359,0,0,0,0.000210805351427003,0.00229780313559296,0.000367648501694874,0.00024294302897071,0.000194066719109225,0,1.87376114461524,0,0.0244462114400771
859,"DTXSID8020462",88,0,0,0,0,0,0,0,0,0,0,0.0190753585587213,0.0190753585587213,0,6.82959289179066e-06,0.00774965660995792,0.000133248576852971,0.000133248576852971,0,0,0,0.000206546786859439,0.00220232863314071,0.000352372581302514,0.000230388482536224,0.000184037949620478,0,1.83590853430663,0,0.0239523635887529
859,"DTXSID8020462",89,0,0,0,0,0,0,0,0,0,0,0.0247479562413982,0.0247479562413982,0,6.69162551049326e-06,0.0100542363111394,0.000136628304777211,0.000136628304777211,0,0,0,0.00020256193939914,0.00242289034892076,0.000387662455827321,0.000298901017602197,0.000238766842046168,0,1.79882059996075,0,0.0234684921585545
859,"DTXSID8020462",90,0,0,0,0.0121702578485436,1.08394181728741,0.109532320636892,0.0175251713019028,0.328596961910677,0.262488430219384,2318.793621678,0.0512391091862413,0.0512391091862413,0,8.19011073882654e-06,0.0208166729852615,0.000341648403664562,0.000341648403664562,0,0,0,0.00223472474495821,0.0076401629381841,0.00122242607010946,0.000618856027035402,0.000494351944472585,0,3.12630554557248,2263.8377423699,23.213203505385
859,"DTXSID8020462",91,0,0,0,0.0121702578485436,1.08394181728741,0.109532320636892,0.0175251713019028,0.328596961910677,0.262488430219384,2318.793621678,0.0630015194365139,0.0630015194365139,0,9.64930152021955e-06,0.0255953323255015,0.000381060334765203,0.000381060334765203,0,0,0,0.00227893004099991,0.00847514019813837,0.00135602243170214,0.000760920137662033,0.000607834994261201,0,3.48462443162511,2263.8377423699,23.2178904825922
859,"DTXSID8020462",92,0,0,0,0,0,0,0,0,0,0,0.019946343286833,0.019946343286833,0,9.46457990434463e-06,0.00810350749745786,0.000180662385053974,0.000180662385053974,0,0,0,0.000287082378184366,0.0027988445130744,0.000447815122091905,0.000240908067224719,0.000192441159605705,0,2.54771353523201,0,0.0332220256661413
859,"DTXSID8020462",93,0,0,0,0,0,0,0,0,0,0,0.0278495961934412,0.0278495961934412,0,9.28127099392893e-06,0.0113143250524371,0.000185167510275343,0.000185167510275343,0,0,0,0.000280692675557871,0.00310370976686843,0.000496593562698949,0.000336362023628646,0.000268691283858244,0,2.49496051916203,0,0.0325507509649004
859,"DTXSID8020462",94,0,0,0,0,0,0,0,0,0,0,0.0262325006449725,0.0262325006449725,0,9.09377626702023e-06,0.0106573552152754,0.000177112559891316,0.000177112559891316,0,0,0,0.000275022288755953,0.00295704222409597,0.000473126755855355,0.000316831057100236,0.000253089640084974,0,2.44455880785599,0,0.0318931800172544
859,"DTXSID8020462",95,0,0,0,0,0,0,0,0,0,0,0.0251915879524003,0.0251915879524003,0,8.91006919728063e-06,0.0102344684892645,0.000168495007146922,0.000168495007146922,0,0,0,0.000269466451742053,0.00281885590817992,0.000451016945308787,0.000304259115400888,0.000243046974984593,0,2.3951752820015,0,0.0312488929275339
859,"DTXSID8020462",96,0,0,0,0,0,0,0,0,0,0,0.0213731980654026,0.0213731980654026,0,8.73007326870851e-06,0.00868318910774853,0.000171089527100477,0.000171089527100477,0,0,0,0.000264022850449355,0.00272917972172643,0.000436668755476229,0.000258141342616227,0.000206207371498695,0,2.34678937282041,0,0.030617621343127
859,"DTXSID8020462",97,0,0,0,0.0121702578485436,1.08394181728741,0.109532320636892,0.0175251713019028,0.328596961910677,0.262488430219384,2318.793621678,0.0676272306420834,0.0676272306420834,0,1.01890780719964e-05,0.0274745983591986,0.000402142920393077,0.000402142920393077,0,0,0,0.00229528224287242,0.00888375238549409,0.00142140038167905,0.000816788580817179,0.000652463586860853,0,3.66320457857765,2263.8377423699,23.2202082121058
859,"DTXSID8020462",98,0,0,0,0,0,0,0,0,0,0,0.0660982881149414,0.0660982881149414,0,1.00616669103592e-05,0.0268534420372749,0.000266943478803469,0.000266943478803469,0,0,0,0.000304294170033015,0.00529863537039143,0.000847781659262628,0.000798322309390145,0.000637712438308832,0,2.68431034776882,0,0.0350187030600192
859,"DTXSID8020462",99,0,0,0,0,0,0,0,0,0,0,0.0333753558314601,0.0333753558314601,0,9.79157042158324e-06,0.0135592495487178,0.000206583967252371,0.000206583967252371,0,0,0,0.000297226352701517,0.00353772649968604,0.000566036239949766,0.000403101077258704,0.000322003491371725,0,2.62990025085282,0,0.0343112556173008
859,"DTXSID8020462",100,0,0,0,0,0,0,0,0,0,0,0.0214218064966013,0.0214218064966013,0,9.57746479930548e-06,0.00870293702750477,0.000172591235465669,0.000172591235465669,0,0,0,0.000289650439184123,0.00274940819221351,0.000439905310754162,0.000258728425824538,0.00020667634281499,0,2.57677256719253,0,0.0336181199997686
859,"DTXSID8020462",101,0,0,0,0,0,0,0,0,0,0,0.022037466749093,0.022037466749093,0,9.38398654097232e-06,0.00895305843573536,0.000177322172686215,0.000177322172686215,0,0,0,0.000285338869165459,0.00282476798645103,0.000451962877832165,0.000266164250996201,0.00021261619711354,0,2.52471813745897,0,0.0329389866965105
859,"DTXSID8020462",102,0,0,0,0,0,0,0,0,0,0,0.0225920927176137,0.0225920927176137,0,9.19441681555804e-06,0.00917838373118231,0.00017613643042418,0.00017613643042418,0,0,0,0.000278065952156921,0.00282816647423874,0.000452506635878199,0.000272862915918766,0.000217967196191151,0,2.47371528041342,0,0.0322735728410858
859,"DTXSID8020462",103,0,0,0,0,0,0,0,0,0,0,0.0232487196241065,0.0232487196241065,0,9.01634039321197e-06,0.00944514847012617,0.000167640199171817,0.000167640199171817,0,0,0,0.000272680402324922,0.00274850532984246,0.000439760852774793,0.000280793528395256,0.000224302294384171,0,2.4237427528087,0,0.0316216012813538
859,"DTXSID8020462",104,0,0,0,0,0,0,0,0,0,0,0.0680822584330767,0.0680822584330767,0,8.90206593353631e-06,0.0276594603693847,0.000257052483744923,0.000257052483744923,0,0,0,0.000269224409729159,0.00524408574552631,0.00083905371928421,0.000822284318260647,0.000656853668516039,0,2.37477974054109,0,0.0309828004640366
859,"DTXSID8020462",105,0,0,0,0,0,0,0,0,0,0,0.0620652083266525,0.0620652083266525,0,8.71481794127835e-06,0.0252149415947492,0.000253194673953246,0.000253194673953246,0,0,0,0.000263561484901934,0.00500630435292904,0.000801008696468646,0.000749611553599577,0.000598801519145369,0,2.32680584998102,0,0.0303569043216149
859,"DTXSID8020462",106,0,0,0,0,0,0,0,0,0,0,0.0164611926239657,0.0164611926239657,0,8.47366781906838e-06,0.00668761165528822,0.000151162439394045,0.000151162439394045,0,0,0,0.000256268402622739,0.00233524046356194,0.00037363847416991,0.000198815093184082,0.000158816628767237,0,2.27980109947895,0,0.0297436521615068
859,"DTXSID8020462",107,0,0,0,0,0,0,0,0,0,0,0.0198094996872691,0.0198094996872691,0,8.30248781207467e-06,0.00804791268897095,0.000155292543802612,0.000155292543802612,0,0,0,0.000251625047806048,0.00248950627973523,0.000398321004757637,0.000239255296759027,0.000191120900518311,0,2.23374591104273,0,0.0291427885574878
859,"DTXSID8020462",108,0,0,0,0,0,0,0,0,0,0,0.0210926690379863,0.0210926690379863,0,8.1416861695339e-06,0.00856921989322974,0.000160141414007675,0.000160141414007675,0,0,0,0.000246228310322352,0.00258968112189615,0.000414348979503383,0.0002547531674092,0.000203500843762622,0,2.18862110218322,0,0.028554063243302
859,"DTXSID8020462",109,0,0,0,0,0,0,0,0,0,0,0.0204309867328892,0.0204309867328892,0,7.97043217071815e-06,0.00830040132116453,0.000147839406869735,0.000147839406869735,0,0,0,0.000241049090454834,0.0024204892059783,0.000387278272956528,0.000246761496808457,0.000197116971377977,0,2.14440787792451,0,0.027977231008424
859,"DTXSID8020462",110,0,0,0,0,0,0,0,0,0,0,0.0207536900628121,0.0207536900628121,0,7.81606174418801e-06,0.00843150449210065,0.000147271765550681,0.000147271765550681,0,0,0,0.000236380479003008,0.00242542922123728,0.000388068675397964,0.000250659045064833,0.000200230394331044,0,2.10108782297564,0,0.0274120515959257
859,"DTXSID8020462",111,0,0,0,0.0121702578485436,1.08394181728741,0.109532320636892,0.0175251713019028,0.328596961910677,0.262488430219384,2318.793621678,0.0619809205874403,0.0619809205874403,0,9.28625417720906e-06,0.0251806984095785,0.00037104572917701,0.00037104572917701,0,0,0,0.00226793174283259,0.00832992399004063,0.0013327878384065,0.000748593542626219,0.000597988315941088,0,3.40400013568396,2263.8377423699,23.2168304642042
859,"DTXSID8020462",112,0,0,0,0,0,0,0,0,0,0,0.0639300363270431,0.0639300363270431,0,9.17884505130129e-06,0.0259725565352586,0.000264413734443202,0.000264413734443202,0,0,0,0.000277595144576146,0.00520132929467887,0.000832212687148619,0.000772134584654456,0.000616793271202361,0,2.44911073589676,0,0.0319461592077803
859,"DTXSID8020462",113,0,0,0,0,0,0,0,0,0,0,0.0183397247101879,0.0183397247101879,0,8.91726874516207e-06,0.00745079409058527,0.000165784727957885,0.000165784727957885,0,0,0,0.000269684187045652,0.00257064659813433,0.000411303455701493,0.000221503639530826,0.000176940597047065,0,2.39914987507796,0,0.0313007478520603
859,"DTXSID8020462",114,0,0,0,0,0,0,0,0,0,0,0.0261086354236948,0.0261086354236948,0,8.81173975564425e-06,0.0106070330717695,0.000176208944999468,0.000176208944999468,0,0,0,0.000266492682947124,0.00294155237115602,0.000470648379384964,0.000315335036971371,0.000251894595636239,0,2.35068367352697,0,0.0306684287252512
859,"DTXSID8020462",115,0,0,0,0,0,0,0,0,0,0,0.0283270442493454,0.0283270442493454,0,8.56790768327345e-06,0.0115082956386758,0.000177464727121577,0.000177464727121577,0,0,0,0.000259586264161172,0.00302721271901791,0.000484354035042865,0.000342128548685096,0.00027329767492494,0,2.30319655740839,0,0.0300488833340735
859,"DTXSID8020462",116,0,0,0,0,0,0,0,0,0,0,0.0254138264250348,0.0254138264250348,0,8.40196541876276e-06,0.0103247562730111,0.000166091081587266,0.000166091081587266,0,0,0,0.000254099913134729,0.00279891402762689,0.000447826244420303,0.000306943268588039,0.000245191118839322,0,2.25666874781951,0,0.0294418536311029
859,"DTXSID8020462",117,0,0,0,0,0,0,0,0,0,0,0.0191170175751428,0.0191170175751428,0,8.22523664957254e-06,0.00776658122351007,0.000156076900611085,0.000156076900611085,0,0,0,0.00024875512026051,0.00247778095292175,0.000396444952467479,0.000230891632060137,0.000184439873387301,0,2.21108086541929,0,0.0288470867818362
859,"DTXSID8020462",118,0,0,0,0.0121702578485436,1.08394181728741,0.109532320636892,0.0175251713019028,0.328596961910677,0.262488430219384,2318.793621678,0.0666717723688706,0.0666717723688706,0,9.68716317405659e-06,0.0270864288000394,0.000384245786877331,0.000384245786877331,0,0,0,0.00228007703672385,0.00863814316513181,0.00138210290642109,0.000805248741027822,0.000643245381026939,0,3.51177116398015,2263.8377423699,23.2182365096612
859,"DTXSID8020462",119,0,0,0,0.0121702578485436,1.08394181728741,0.109532320636892,0.0175251713019028,0.328596961910677,0.262488430219384,2318.793621678,0.0759480894674234,0.0759480894674234,0,1.11297645719965e-05,0.0308550747155312,0.000423084929726465,0.000423084929726465,0,0,0,0.00232377976761722,0.00935253096810436,0.0014964049548967,0.000917286300546372,0.000732742748722107,0,3.90006187947976,2263.8377423699,23.223295975171
859,"DTXSID8020462",120,0,0,0,0,0,0,0,0,0,0,0.0333448698058199,0.0333448698058199,0,1.09244210828647e-05,0.0135468641338179,0.000216576811980189,0.000216576811980189,0,0,0,0.000330386321568036,0.00365650678096032,0.000585041084953651,0.000402732872951342,0.000321709363969945,0,2.93466595520904,0,0.0382810037482661
859,"DTXSID8020462",121,0,0,0,0,0,0,0,0,0,0,0.0371839980705889,0.0371839980705889,0,1.07037324132968e-05,0.015106568798973,0.000216973895528111,0.000216973895528111,0,0,0,0.000323712053177743,0.00378151288558005,0.000605042061692808,0.00044910111984218,0.000358749050118076,0,2.87489619609345,0,0.0375076196237405
859,"DTXSID8020462",122,0,0,0,0,0,0,0,0,0,0,0.0274274986561422,0.0274274986561422,0,1.04785877761957e-05,0.0111428414622384,0.00020894353258217,0.00020894353258217,0,0,0,0.000316903023399736,0.00337677062708823,0.000540283300334117,0.000331264011405116,0.000264618911374906,0,2.81681924978617,0,0.0367499129580318
859,"DTXSID8020462",123,0,0,0,0,0,0,0,0,0,0,0.0299311038644001,0.0299311038644001,0,1.02669055664238e-05,0.0121599694282042,0.000199718478015787,0.000199718478015787,0,0,0,0.000310501136646538,0.00334473171533451,0.000535157074453522,0.000361502069737004,0.000288773548771028,0,2.75991553947157,0,0.0360075130325807
859,"DTXSID8020462",124,0,0,0,0,0,0,0,0,0,0,0.0213844034852351,0.0213844034852351,0,1.00509492402891e-05,0.00868774148119961,0.000182102542023326,0.000182102542023326,0,0,0,0.000303969988162022,0.00286102781558597,0.000457764450493754,0.000258276679504571,0.000206315480737337,0,2.70416136413257,0,0.035280110629707
859,"DTXSID8020462",125,0,0,0,0,0,0,0,0,0,0,0.0680726274359361,0.0680726274359361,0,9.93200401756068e-06,0.0276555476292692,0.000285546188174265,0.000285546188174265,0,0,0,0.000300372738083416,0.00558424252684961,0.000893478804295938,0.000822167996944343,0.000656760749215933,0,2.649533501546,0,0.0345674027783629
859,"DTXSID8020462",126,0,0,0,0,0,0,0,0,0,0,0.0727563927453651,0.0727563927453651,0,9.7313635684081e-06,0.0295583990319293,0.00027827253085833,0.00027827253085833,0,0,0,0.000294304786341181,0.00564606522197607,0.000903370435516171,0.000878737606310967,0.000701949444432188,0,2.59600919861025,0,0.0338690926279415
859,"DTXSID8020462",127,0,0,0,0,0,0,0,0,0,0,0.0285652052884254,0.0285652052884254,0,9.46208433278851e-06,0.0116050522089421,0.000190350862845553,0.000190350862845553,0,0,0,0.000286160997719161,0.0031888315045289,0.000510213040724624,0.000345005011542871,0.000275595438774402,0,2.54356616186837,0,0.0331848893246358
859,"DTXSID8020462",128,0,0,0,0,0,0,0,0,0,0,0.0262060291501199,0.0262060291501199,0,9.27093692214574e-06,0.0106466007650023,0.000176112855672884,0.000176112855672884,0,0,0,0.000280380143119142,0.00294474224508009,0.000471158759212815,0.000316511339517431,0.000252834244642678,0,2.4921825482226,0,0.0325145078902948
859,"DTXSID8020462",129,0,0,0,0,0,0,0,0,0,0,0.0263874988239476,0.0263874988239476,0,9.08365095802051e-06,0.0107203255997391,0.000186485003505411,0.000186485003505411,0,0,0,0.000274716069912021,0.00307379793494196,0.000491807669590713,0.000318703095056432,0.00025458505349834,0,2.44183695583647,0,0.0318576691037267
859,"DTXSID8020462",130,0,0,0,0,0,0,0,0,0,0,0.0216916566874705,0.0216916566874705,0,8.89258346683808e-06,0.00881256780109836,0.00017173300742009,0.00017173300742009,0,0,0,0.000268981726602648,0.00274855233679458,0.000439768373887132,0.000261987624114053,0.000209279841757323,0,2.39250841522068,0,0.0312140993844007
859,"DTXSID8020462",131,0,0,0,0,0,0,0,0,0,0,0.0304389528865367,0.0304389528865367,0,8.78734660852679e-06,0.0123662908726555,0.000177096919350992,0.000177096919350992,0,0,0,0.000265754963109598,0.00308836193003989,0.000494137908806383,0.00036763577176978,0.000293673246591285,0,2.34417638049914,0,0.0305835306784974
859,"DTXSID8020462",132,0,0,0,0,0,0,0,0,0,0,0.0567987960357495,0.0567987960357495,0,8.60982984883994e-06,0.0230753809309052,0.000245870214123629,0.000245870214123629,0,0,0,0.000260386339106974,0.00475164627545487,0.00076026340407278,0.000686004846948365,0.000547991479748718,0,2.29682072085134,0,0.0299657003472616
859,"DTXSID8020462",133,0,0,0,0,0,0,0,0,0,0,0.0564420813111298,0.0564420813111298,0,8.42872881398864e-06,0.0229304601098885,0.000244201141480052,0.000244201141480052,0,0,0,0.0002549093161807,0.00471970980975888,0.000755153569561421,0.000681696515660622,0.000544549916838309,0,2.25042171212765,0,0.0293603510576101
859,"DTXSID8020462",134,0,0,0,0,0,0,0,0,0,0,0.0189658995346456,0.0189658995346456,0,8.20246709290918e-06,0.00770518720473877,0.000154141132358693,0.000154141132358693,0,0,0,0.000248066502528597,0.00245106105542304,0.000392169768867686,0.000229066457664236,0.000182981895324233,0,2.204960028634,0,0.0287672306749501
859,"DTXSID8020462",135,0,0,0,0,0,0,0,0,0,0,0.023761394781113,0.023761394781113,0,8.02993461492302e-06,0.00965343060579488,0.00015741885891244,0.00015741885891244,0,0,0,0.000243409957050797,0.00264159559935447,0.000422655295896715,0.000286985519549349,0.000229248554472881,0,2.16041673508252,0,0.0281860921581621
859,"DTXSID8020462",136,0,0,0,0,0,0,0,0,0,0,0.0218077071664426,0.0218077071664426,0,7.87441175180039e-06,0.00885971508583674,0.000154620980979158,0.000154620980979158,0,0,0,0.000238145153234184,0.00254702809312915,0.000407524494900664,0.000263389259300394,0.000210399490026935,0,2.11677327870481,0,0.0276166934567046
859,"DTXSID8020462",137,0,0,0,0,0,0,0,0,0,0,0.0234663749423464,0.0234663749423464,0,7.70877966125584e-06,0.00953357427719546,0.000147293324724338,0.000147293324724338,0,0,0,0.000233954369811038,0.00250993375138488,0.000401589400221581,0.000283422327132165,0.000226402220231938,0,2.07401148152444,0,0.0270587974097975
859,"DTXSID8020462",138,0,0,0,0,0,0,0,0,0,0,0.0219485393176832,0.0219485393176832,0,7.56590777709965e-06,0.00891693030453876,0.000147516171318097,0.000147516171318097,0,0,0,0.000228815094222263,0.00246624908514306,0.00039459985362289,0.000265090202719977,0.000211758230428861,0,2.03211353278571,0,0.0265121716476421
859,"DTXSID8020462",139,0,0,0,0,0,0,0,0,0,0,0.0537528000471994,0.0537528000471994,0,7.46366693921067e-06,0.0218378984021283,0.000214257034393678,0.000214257034393678,0,0,0,0.00022572303340892,0.00427532325483009,0.000684051720772815,0.000649215897925301,0.000518603887659202,0,1.9910619815352,0,0.0259765884946361
859,"DTXSID8020462",140,0,0,0,0.0121702578485436,1.08394181728741,0.109532320636892,0.0175251713019028,0.328596961910677,0.262488430219384,2318.793621678,0.0570586528232992,0.0570586528232992,0,8.8852256326828e-06,0.0231809517313218,0.000350484228150929,0.000350484228150929,0,0,0,0.00225532433645621,0.00782751544610321,0.00125240247137651,0.000689143346850007,0.000550498562917215,0,3.29619697097683,2263.8377423699,23.2154239994764
859,"DTXSID8020462",141,0,0,0,0,0,0,0,0,0,0,0.0244646772223564,0.0244646772223564,0,8.71593942430367e-06,0.00993914987039858,0.000165611925741035,0.000165611925741035,0,0,0,0.000263595401835966,0.00276246057390263,0.000441993691824421,0.000295479628529459,0.00023603378255088,0,2.34348534672704,0,0.0305681070454203
859,"DTXSID8020462",142,0,0,0,0,0,0,0,0,0,0,0.0251509949094956,0.0251509949094956,0,8.53986519016323e-06,0.0102179769437821,0.000178896918787737,0.000178896918787737,0,0,0,0.000258915223805109,0.00294350260057491,0.000470960416091985,0.000303768840498451,0.000242655335668245,0,2.29565826731706,0,0.0299505342814208
859,"DTXSID8020462",143,0,0,0,0,0,0,0,0,0,0,0.0213352773275437,0.0213352773275437,0,8.3673479031759e-06,0.00866778322712521,0.000159574697255021,0.000159574697255021,0,0,0,0.000253052978606301,0.00259110987304328,0.000414577579686924,0.000257683343296053,0.000205841514425961,0,2.24928274178955,0,0.0293454913676283
859,"DTXSID8020462",144,0,0,0,0,0,0,0,0,0,0,0.0266038742209998,0.0266038742209998,0,8.20529005774505e-06,0.0108082314192201,0.00016454950855307,0.00016454950855307,0,0,0,0.000248151877209856,0.00281811880743106,0.000450899009188969,0.000321316435153372,0.00025667263074095,0,2.20384406709854,0,0.028752671171604
859,"DTXSID8020462",145,0,0,0,0,0,0,0,0,0,0,0.0217047662672784,0.0217047662672784,0,8.03269820090216e-06,0.00881789376870728,0.000151573279857697,0.000151573279857697,0,0,0,0.000242932196617788,0.00250654800624607,0.000401047680999371,0.000262145959077421,0.000209406322220629,0,2.15932331753953,0,0.0281718267772595
859,"DTXSID8020462",146,0,0,0,0.0121702578485436,1.08394181728741,0.109532320636892,0.0175251713019028,0.328596961910677,0.262488430219384,2318.793621678,0.0627905668418426,0.0627905668418426,0,9.48514051573148e-06,0.025509629602554,0.000372447864995145,0.000372447864995145,0,0,0,0.00227395688332908,0.00834445181447041,0.00133511229031526,0.000758372293120931,0.000605799735900477,0,3.42171670133369,2263.8377423699,23.2171001527618
859,"DTXSID8020462",147,0,0,0,0,0,0,0,0,0,0,0.0643304596227392,0.0643304596227392,0,9.38318620698264e-06,0.0261352346328011,0.00027073920496938,0.00027073920496938,0,0,0,0.000286059518401023,0.00528810196915618,0.000846096315064989,0.000776970819589889,0.000620656531863666,0,2.50873171903405,0,0.0326854626849148
859,"DTXSID8020462",148,0,0,0,0,0,0,0,0,0,0,0.0306149707523342,0.0306149707523342,0,9.13130293904418e-06,0.0124378008268694,0.000185913511232737,0.000185913511232737,0,0,0,0.000276157204650777,0.00320015267325348,0.000512024427720557,0.000369761681428334,0.000295371456720244,0,2.45464660350152,0,0.0320247914481017
859,"DTXSID8020462",149,0,0,0,0,0,0,0,0,0,0,0.0292526696328998,0.0292526696328998,0,8.94683777775359e-06,0.0118843451294324,0.000182145966858564,0.000182145966858564,0,0,0,0.000270578440739699,0.00311218251004882,0.000497949201607811,0.000353308072616855,0.000282228054775028,0,2.40505928998766,0,0.0313778456223848
859,"DTXSID8020462",150,0,0,0,0,0,0,0,0,0,0,0.0177665895168794,0.0177665895168794,0,8.7586480447804e-06,0.0072179491390448,0.000165927668871549,0.000165927668871549,0,0,0,0.000264887034929512,0.00255419017505974,0.000408670428009558,0.000214581423779654,0.000171411022045519,0,2.35647370994475,0,0.0307439690121877
859,"DTXSID8020462",151,0,0,0,0,0,0,0,0,0,0,0.0220109881544445,0.0220109881544445,0,8.58171103644181e-06,0.00894230110106146,0.00016557523341385,0.00016557523341385,0,0,0,0.000259535944296747,0.00268401245471133,0.000429441992753813,0.000265844447663436,0.000212360733172825,0,2.30886962694764,0,0.0301228976009768
859,"DTXSID8020462",152,0,0,0,0,0,0,0,0,0,0,0.0233118817342933,0.0233118817342933,0,8.41550143015209e-06,0.00947080904490391,0.00016071992403618,0.00016071992403618,0,0,0,0.000254638402069306,0.00266812962114932,0.000426900739383891,0.000281556388116867,0.000224911678748648,0,2.26222721337567,0,0.029514372705724
859,"DTXSID8020462",153,0,0,0,0,0,0,0,0,0,0,0.0592894530849613,0.0592894530849613,0,8.30884209422525e-06,0.0240872485089193,0.000238310875172442,0.000238310875172442,0,0,0,0.000251283592488734,0.00473955140055854,0.000758328224089366,0.000716086519925554,0.000572021194059654,0,2.216527042154,0,0.0289181408691618
859,"DTXSID8020462",154,0,0,0,0,0,0,0,0,0,0,0.0562703320653786,0.0562703320653786,0,8.14099179867809e-06,0.0228606843479549,0.000232628366897018,0.000232628366897018,0,0,0,0.000246207310524644,0.00457604638702073,0.000732167421923317,0.000679622161567432,0.00054289289010722,0,2.17175007866201,0,0.0283339537542163
859,"DTXSID8020462",155,0,0,0,0,0,0,0,0,0,0,0.0212760141312121,0.0212760141312121,0,7.90899195683542e-06,0.00864370664582454,0.000152799796670509,0.000152799796670509,0,0,0,0.000239495555361693,0.00250721380440961,0.000401154208705538,0.000256967573900104,0.00020526974655553,0,2.1278776728052,0,0.0277615680405715
859,"DTXSID8020462",156,0,0,0,0,0,0,0,0,0,0,0.0212596073976459,0.0212596073976459,0,7.75581149740117e-06,0.00863704115899569,0.000150510054418679,0.000150510054418679,0,0,0,0.000234558336002908,0.00248036359827767,0.000396858175724426,0.000256769416552862,0.000205111455344584,0,2.0848915512472,0,0.0272007453233241
859,"DTXSID8020462",157,0,0,0,0,0,0,0,0,0,0,0.0181490066151696,0.0181490066151696,0,7.59913319767133e-06,0.00737331194307298,0.000143926450709953,0.000143926450709953,0,0,0,0.000229819927741605,0.00230279096086426,0.000368446553738281,0.000219200183353676,0.000175100559961805,0,2.04277380979875,0,0.0266512520136852
859,"DTXSID8020462",158,0,0,0,0,0,0,0,0,0,0,0.0200804327677202,0.0200804327677202,0,7.43929137614491e-06,0.00815798340304487,0.000145596049660457,0.000145596049660457,0,0,0,0.000225505895277226,0.00238335369966641,0.000381336591946626,0.000242527573978973,0.000193734847116332,0,2.00150690596036,0,0.0261128592416878
859,"DTXSID8020462",159,0,0,0,0,0,0,0,0,0,0,0.017855129462365,0.017855129462365,0,7.28900722800648e-06,0.00725391984814918,0.000138630233687649,0.000138630233687649,0,0,0,0.000220440814876336,0.00222905571136783,0.000356648913818853,0.000215650792076007,0.000172265250288543,0,1.96107365161573,0,0.02558534276086
859,"DTXSID8020462",160,0,0,0,0.0121702578485436,1.08394181728741,0.109532320636892,0.0175251713019028,0.328596961910677,0.262488430219384,2318.793621678,0.0574806112305581,0.0574806112305581,0,8.77592243497095e-06,0.0233523787978105,0.00035783910714455,0.00035783910714455,0,0,0,0.00225247155351217,0.00802897175209585,0.00128463548033534,0.000694239678687887,0.000554569593082022,0,3.2668144474962,2263.8377423699,23.2150406574567
859,"DTXSID8020462",161,0,0,0,0,0,0,0,0,0,0,0.0619867167356494,0.0619867167356494,0,8.67498133062807e-06,0.0251830531835736,0.00024688957513121,0.00024688957513121,0,0,0,0.000262356837671324,0.00492719507700441,0.000788351212320705,0.000748663547380591,0.000598044236841805,0,2.3146963915432,0,0.030192509073616
859,"DTXSID8020462",162,0,0,0,0,0,0,0,0,0,0,0.020710011903478,0.020710011903478,0,8.43493354279148e-06,0.00841375957081112,0.000159219650217485,0.000159219650217485,0,0,0,0.000255096965256987,0.00256697677246547,0.000410716283594475,0.000250131508724273,0.000199808989990869,0,2.26745088951563,0,0.0295825239168739
859,"DTXSID8020462",163,0,0,0,0,0,0,0,0,0,0,0.0239007941174462,0.0239007941174462,0,8.264536022653e-06,0.00971006372149295,0.000161997635962823,0.000161997635962823,0,0,0,0.000249943647799994,0.00270132228984438,0.0004322115663751,0.00028866915770826,0.000230593471159938,0,2.22164519268952,0,0.0289849153300012
859,"DTXSID8020462",164,0,0,0,0,0,0,0,0,0,0,0.0232198535414723,0.0232198535414723,0,8.09069797329016e-06,0.00943342118188671,0.000160725163899749,0.000160725163899749,0,0,0,0.000244850496472185,0.00266414544976519,0.00042626327196243,0.000280444889445463,0.000224023796098269,0,2.17676483535874,0,0.0283993792770376
859,"DTXSID8020462",165,0,0,0,0,0,0,0,0,0,0,0.0222999410009452,0.0222999410009452,0,7.93399825233252e-06,0.00905969262111899,0.000159707341125309,0.000159707341125309,0,0,0,0.000239947222613737,0.00262244369485303,0.000419590991176485,0.00026933436412424,0.00021514853342535,0,2.13279112436409,0,0.0278256718758198
859,"DTXSID8020462",166,0,0,0,0,0,0,0,0,0,0,0.0181283149335824,0.0181283149335824,0,7.7737203295579e-06,0.00736490563047391,0.000151683900104562,0.000151683900104562,0,0,0,0.000235099951264167,0.00239428750239592,0.000383086000383348,0.000218950273234957,0.000174900927821638,0,2.08970574417451,0,0.0272635541709472
859,"DTXSID8020462",167,0,0,0,0.0121702578485436,1.08394181728741,0.109532320636892,0.0175251713019028,0.328596961910677,0.262488430219384,2318.793621678,0.0628884038558484,0.0628884038558484,0,9.24476811870186e-06,0.0255493773881568,0.000370483670189404,0.000370483670189404,0,0,0,0.00226667494795664,0.00835257297957616,0.00133641167673219,0.000759553949608449,0.000606743661719705,0,3.39284799088193,2263.8377423699,23.2166849666361
859,"DTXSID8020462",168,0,0,0,0.0121702578485436,1.08394181728741,0.109532320636892,0.0175251713019028,0.328596961910677,0.262488430219384,2318.793621678,0.076521789711519,0.076521789711519,0,1.07040208996102e-05,0.0310881492276093,0.000414203258050133,0.000414203258050133,0,0,0,0.00231088212258615,0.00931305487128803,0.00149008877940608,0.000924215340871404,0.000738277775300773,0,3.80200753162845,2263.8377423699,23.2220127106684
859,"DTXSID8020462",169,0,0,0,0,0,0,0,0,0,0,0.0332863650570576,0.0332863650570576,0,1.04979924689556e-05,0.0135230956834601,0.000218008461654699,0.000218008461654699,0,0,0,0.000317489877863721,0.00366981627233502,0.000587170603573603,0.000402026263938094,0.000321144913557538,0,2.8198239063445,0,0.0367866942020373
859,"DTXSID8020462",170,0,0,0,0,0,0,0,0,0,0,0.0291462572733362,0.0291462572733362,0,1.0277175410621e-05,0.01184111347834,0.000198424052221725,0.000198424052221725,0,0,0,0.000310811726655941,0.00330532858871274,0.000528852574194038,0.00035202284476819,0.000281201394520749,0,2.76267624496405,0,0.0360435308518137
859,"DTXSID8020462",171,0,0,0,0,0,0,0,0,0,0,0.0375311433962841,0.0375311433962841,0,1.00695620138925e-05,0.015247601905093,0.000204777057337156,0.000204777057337156,0,0,0,0.000305236813854854,0.00364533450819064,0.000583253521310503,0.00045329387378493,0.000362098288024384,0,2.70686629949153,0,0.0353154008383374
859,"DTXSID8020462",172,0,0,0,0,0,0,0,0,0,0,0.0295458680917443,0.0295458680917443,0,9.94193886435229e-06,0.0120034614945387,0.000201590682700316,0.000201590682700316,0,0,0,0.00030067319679527,0.00335431140803322,0.000536689825285315,0.000356849266760451,0.000285056816448446,0,2.65218379340659,0,0.0346019800751481
859,"DTXSID8020462",173,0,0,0,0,0,0,0,0,0,0,0.0237229404965991,0.0237229404965991,0,9.65861610698092e-06,0.00963780796367011,0.000176335066405174,0.000176335066405174,0,0,0,0.000292104691160101,0.00286722764219885,0.000458756422751816,0.000286521076156115,0.000228877549773059,0,2.59860595084799,0,0.0339029714147035
859,"DTXSID8020462",174,0,0,0,0,0,0,0,0,0,0,0.0663682016521843,0.0663682016521843,0,9.53620134792072e-06,0.0269630985463031,0.000274504355376967,0.000274504355376967,0,0,0,0.000288402512194434,0.00539905981382269,0.00086384957021163,0.00080158227276488,0.000640316548413294,0,2.54611045605893,0,0.0332180837122593
859,"DTXSID8020462",175,0,0,0,0,0,0,0,0,0,0,0.0674348563464215,0.0674348563464215,0,9.35150528150614e-06,0.0273964433548052,0.000272289629025653,0.000272289629025653,0,0,0,0.000282816765039671,0.00540630300765201,0.000865008481224321,0.000814465121369741,0.000650607570848137,0,2.49467544409232,0,0.0325470317046049
859,"DTXSID8020462",176,0,0,0,0,0,0,0,0,0,0,0.0190354534903268,0.0190354534903268,0,9.09273720893392e-06,0.0077334445646586,0.000171556369132965,0.000171556369132965,0,0,0,0.000274990864612159,0.0026619682889703,0.000425914926235247,0.000229906516856542,0.000183652947842179,0,2.44427949170369,0,0.0318895358912475
859,"DTXSID8020462",177,0,0,0,0,0,0,0,0,0,0,0.02272553746713,0.02272553746713,0,8.90905112962895e-06,0.00923259770477394,0.00017632460081544,0.00017632460081544,0,0,0,0.000269435662410157,0.00283606165510391,0.000453769864816625,0.000274474635732517,0.00021925466337102,0,2.3949016084283,0,0.0312453224179974
859,"DTXSID8020462",178,0,0,0,0,0,0,0,0,0,0,0.0212708121234431,0.0212708121234431,0,8.72907576745517e-06,0.00864159325048427,0.000159738184435626,0.000159738184435626,0,0,0,0.000263992683105264,0.00259130097709986,0.000414608156335978,0.000256904745058782,0.000205219557887214,0,2.34652122783827,0,0.0306141229629045
859,"DTXSID8020462",179,0,0,0,0,0,0,0,0,0,0,0.0248531557302765,0.0248531557302765,0,8.55273616070788e-06,0.0100969752149373,0.000167581339741181,0.000167581339741181,0,0,0,0.000258659659637132,0.00279717375339072,0.000447547800542515,0.000300171596633866,0.000239781800594637,0,2.29911819897651,0,0.0299956746244998
859,"DTXSID8020462",180,0,0,0,0,0,0,0,0,0,0,0.0191851783488672,0.0191851783488672,0,8.37283604691841e-06,0.00779427258191924,0.000159075143032014,0.000159075143032014,0,0,0,0.000255030900973312,0.00251578360592289,0.000402525376947662,0.000231714864670864,0.000185097484566779,0,2.2526727779636,0,0.0293897198122934
859,"DTXSID8020462",181,0,0,0,0,0,0,0,0,0,0,0.0615508170744134,0.0615508170744134,0,8.27374999796322e-06,0.0250059622691052,0.000238831148746461,0.000238831148746461,0,0,0,0.000250222305258013,0.00481808662348194,0.000770893859757111,0.000743398835779964,0.000593838702269693,0,2.20716561977425,0,0.0287960061394857
859,"DTXSID8020462",182,0,0,0,0,0,0,0,0,0,0,0.059242766405826,0.059242766405826,0,8.10660861211276e-06,0.0240682813303761,0.000234078915870218,0.000234078915870218,0,0,0,0.000245167462788538,0.00468775022382033,0.000750040035811252,0.000715522647266094,0.000571570763695464,0,2.16257777017989,0,0.0282142863178454
859,"DTXSID8020462",183,0,0,0,0,0,0,0,0,0,0,0.0220851211374166,0.0220851211374166,0,7.87558861327233e-06,0.00897241876095958,0.000152384097867576,0.000152384097867576,0,0,0,0.000239390601549053,0.00252800001216773,0.000404480001946838,0.000266739811459627,0.000213075963879679,0,2.11889065785401,0,0.0276443180547111
859,"DTXSID8020462",184,0,0,0,0,0,0,0,0,0,0,0.0182962007459151,0.0182962007459151,0,7.72305510600866e-06,0.00743311181340134,0.000146451476762036,0.000146451476762036,0,0,0,0.000233567687292446,0.00233786573505978,0.000374058517609566,0.000220977965528322,0.000176520680371871,0,2.07608608663702,0,0.0270858639520741
859,"DTXSID8020462",185,0,0,0,0,0,0,0,0,0,0,0.018216403763112,0.018216403763112,0,7.56703853145232e-06,0.00740069306681102,0.000141595222966281,0.000141595222966281,0,0,0,0.000228849291528306,0.00227697669543159,0.000364316271269054,0.000220014193040252,0.000175750803724164,0,2.03414622795737,0,0.0265386914076992
859,"DTXSID8020462",186,0,0,0,0,0,0,0,0,0,0,0.0148856916836374,0.0148856916836374,0,7.40787179612011e-06,0.00604754026482788,0.00013525768784499,0.00013525768784499,0,0,0,0.000224035625724405,0.00209482293264491,0.000335171669223186,0.000179786498268854,0.00014361628735344,0,1.99305361340569,0,0.0260025725182437
859,"DTXSID8020462",187,0,0,0,0,0,0,0,0,0,0,0.0230466153466964,0.0230466153466964,0,7.2582223676855e-06,0.00936304051160418,0.000146651394470275,0.000146651394470275,0,0,0,0.000219509791009473,0.00248967139137002,0.000398347422619203,0.000278352552114614,0.000222352404073612,0,1.95279112745906,0,0.0254772839843327
859,"DTXSID8020462",188,0,0,0,0,0,0,0,0,0,0,0.0504943119603929,0.0504943119603929,0,7.17232691089857e-06,0.0205140877034904,0.000200933842094499,0.000200933842094499,0,0,0,0.000216912062142429,0.00401112892140176,0.000641780627424282,0.000609860510535296,0.000487166184167938,0,1.9133420003522,0,0.0249626070175527
859,"DTXSID8020462",189,0,0,0,0,0,0,0,0,0,0,0.0534110366366375,0.0534110366366375,0,7.02743582040692e-06,0.0216990517814711,0.000201011872387708,0.000201011872387708,0,0,0,0.000212530133430165,0.0041061265291771,0.000656980244668337,0.000645088145710139,0.000515306574156995,0,1.87468980109268,0,0.0244583272493241
859,"DTXSID8020462",190,0,0,0,0,0,0,0,0,0,0,0.013392843324528,0.013392843324528,0,6.82716980378243e-06,0.00544104775155622,0.000128316095432649,0.000128316095432649,0,0,0,0.000206473505618477,0.00196397469186268,0.000314235950698028,0.000161756165205748,0.000129213373234734,0,1.8368184306172,0,0.0239642346416139
859,"DTXSID8020462",191,0,0,0,0,0,0,0,0,0,0,0.0208508718584726,0.0208508718584726,0,6.69494195314273e-06,0.00847098608521409,0.000133360602619438,0.000133360602619438,0,0,0,0.000202490071951979,0.00226048861510229,0.000361678178416367,0.000251832787952206,0.000201167998641796,0,1.7997121150862,0,0.0234801233994527
859,"DTXSID8020462",192,0,0,0,0,0,0,0,0,0,0,0.0168112635746642,0.0168112635746642,0,6.55969471017404e-06,0.00682983334138042,0.000126702689444268,0.000126702689444268,0,0,0,0.000198384279507189,0.00205218072917938,0.0003283489166687,0.000203043182258431,0.000162194092933371,0,1.76335539931386,0,0.0230057918852191
859,"DTXSID8020462",193,0,0,0,0,0,0,0,0,0,0,0.0113741750230706,0.0113741750230706,0,6.4217166640131e-06,0.00462093283221963,0.000119706425858116,0.000119706425858116,0,0,0,0.000194211421396431,0.00179639695069141,0.000287423512110625,0.000137375080819572,0.000109737378903072,0,1.72773314033083,0,0.022541042534655
859,"DTXSID8020462",194,0,0,0,0,0,0,0,0,0,0,0.0186081506272057,0.0186081506272057,0,6.29734158381088e-06,0.00755984623110978,0.000122166050513068,0.000122166050513068,0,0,0,0.000190449956608093,0.00205531420523131,0.00032885027283701,0.000224745635716888,0.000179530354678141,0,1.69283050107708,0,0.0220856817745784
859,"DTXSID8020462",195,0,0,0,0,0,0,0,0,0,0,0.044945771836104,0.044945771836104,0,6.2175281256339e-06,0.018259908285712,0.000178733497679387,0.000178733497679387,0,0,0,0.000188036165098732,0.00356993161532001,0.000571189058451202,0.000542846318608517,0.000433634191848233,0,1.65863294422201,0,0.0216395199422576
859,"DTXSID8020462",196,0,0,0,0,0,0,0,0,0,0,0.0429569242382677,0.0429569242382677,0,6.0919253133978e-06,0.0174519084840138,0.000173958199248202,0.000173958199248202,0,0,0,0.000184237570116729,0.0034497696364392,0.000551963141830272,0.000518825402899344,0.000414445905930219,0,1.62512622610958,0,0.021202371206415
859,"DTXSID8020462",197,0,0,0,0,0,0,0,0,0,0,0.0152798957074007,0.0152798957074007,0,5.92335397390238e-06,0.00620769168788108,0.000115156498439454,0.000115156498439454,0,0,0,0.000179139481682905,0.00186619437190916,0.000298591099505466,0.00018454761804361,0.000147419544840958,0,1.59229639082561,0,0.0207740534898259
859,"DTXSID8020462",198,0,0,0,0,0,0,0,0,0,0,0.0158122150059849,0.0158122150059849,0,5.80369389324674e-06,0.00642395455697376,0.000110101396748586,0.000110101396748586,0,0,0,0.000175520612217863,0.00182153172583109,0.000291445076132974,0.000190976867331272,0.000152555330464765,0,1.56012976438502,0,0.020354388393482
859,"DTXSID8020462",199,0,0,0,0,0,0,0,0,0,0,0.0117414932180505,0.0117414932180505,0,5.68161773280221e-06,0.00477016147549366,0.000105408670831394,0.000105408670831394,0,0,0,0.000171915847517507,0.00163713312574762,0.000261941300119619,0.000141811478766632,0.000113281243478634,0,1.52861294903647,0,0.0199432011222854
859,"DTXSID8020462",200,0,0,0,0,0,0,0,0,0,0,0.0142294616488196,0.0142294616488196,0,5.56684106418557e-06,0.00578093676108122,0.000107287669981938,0.000107287669981938,0,0,0,0.00016880490099861,0.00173798483640756,0.00027807757382521,0.000171860679131512,0.000137285018155251,0,1.49773281768203,0,0.0195403204122453
859,"DTXSID8020462",201,0,0,0,0,0,0,0,0,0,0,0.0181535970210749,0.0181535970210749,0,5.45902311766807e-06,0.00737517686578762,0.000111714384679028,0.000111714384679028,0,0,0,0.000165451881485193,0.001915328134129,0.00030645250146064,0.000219255625386258,0.000175144847930921,0,1.4674765084096,0,0.0191455784591444
859,"DTXSID8020462",202,0,0,0,0,0,0,0,0,0,0,0.0325810236314546,0.0325810236314546,0,5.38067600230951e-06,0.0132365399249209,0.000143576193472368,0.000143576193472368,0,0,0,0.00016272731874613,0.00275563194167945,0.000440901110668711,0.000393507286944065,0.000314339820518225,0,1.43783141913582,0,0.0187588108486464
859,"DTXSID8020462",203,0,0,0,0.0121702578485436,1.08394181728741,0.109532320636892,0.0175251713019028,0.328596961910677,0.262488430219384,2318.793621678,0.0476584232273247,0.0476584232273247,0,6.89278387404212e-06,0.0193619644656664,0.000303533582202189,0.000303533582202189,0,0,0,0.00219550789322169,0.00695723681090103,0.00111315788974416,0.000575609196210489,0.000459805694655825,0,2.86335347133247,2263.8377423699,23.2097704742039
859,"DTXSID8020462",204,0,0,0,0,0,0,0,0,0,0,0.0152345539274121,0.0152345539274121,0,6.72061834874508e-06,0.00618927089521737,0.000119687553524898,0.000119687553524898,0,0,0,0.000203251079183724,0.00191864073260034,0.000306982517216055,0.00018399998881531,0.000146982089985493,0,1.80969089325224,0,0.0236102939646832
859,"DTXSID8020462",205,0,0,0,0,0,0,0,0,0,0,0.0177716672998269,0.0177716672998269,0,6.59045417460487e-06,0.00722001206614847,0.000122294714572336,0.000122294714572336,0,0,0,0.000199314535328344,0.00202987884804856,0.00032478061568777,0.000214642752257665,0.000171460012199985,0,1.77313118641718,0,0.023133332665541
859,"DTXSID8020462",206,0,0,0,0,0,0,0,0,0,0,0.0159345664463317,0.0159345664463317,0,6.46281100543034e-06,0.00647366170378847,0.000123729134218207,0.000123729134218207,0,0,0,0.000195454234008005,0.00198953056744225,0.00031832489079076,0.000192454604307531,0.000153735770043146,0,1.73731144278637,0,0.0226660068118458
859,"DTXSID8020462",207,0,0,0,0,0,0,0,0,0,0,0.017597934586433,0.017597934586433,0,6.33225313406571e-06,0.00714943049010239,0.00012513287765153,0.00012513287765153,0,0,0,0.000191505783601541,0.00205986946228186,0.000329579113965098,0.000212544442226821,0.000169783849088472,0,1.70221530835245,0,0.0222081215976249
859,"DTXSID8020462",208,0,0,0,0,0,0,0,0,0,0,0.0196266642176814,0.0196266642176814,0,6.20433271531432e-06,0.00797363297878553,0.000121164845971782,0.000121164845971782,0,0,0,0.00018763709744624,0.00207501273259137,0.000332002037214619,0.000237047045403624,0.000189356914544615,0,1.66782816519198,0,0.0217594863086838
859,"DTXSID8020462",209,0,0,0,0,0,0,0,0,0,0,0.0458568435983376,0.0458568435983376,0,6.12569806558168e-06,0.0186300451448754,0.000176175541620292,0.000176175541620292,0,0,0,0.000185258956538659,0.00356796779002421,0.000570874846403873,0.000553850066723472,0.000442424159206511,0,1.63413569068414,0,0.0213199140835231
859,"DTXSID8020462",210,0,0,0,0,0,0,0,0,0,0,0.0365770408189713,0.0365770408189713,0,6.00195034970497e-06,0.0148599831181596,0.000161749018989857,0.000161749018989857,0,0,0,0.000181516465075331,0.00310033808064708,0.000496054092903534,0.000441770407827825,0.000352893161865642,0,1.60112385154519,0,0.0208892218355086
859,"DTXSID8020462",211,0,0,0,0,0,0,0,0,0,0,0.0173490546951901,0.0173490546951901,0,5.82595218038365e-06,0.00704831922195404,0.000109594680943665,0.000109594680943665,0,0,0,0.000177023772211669,0.00186428530082293,0.000298285648131668,0.000209538519150684,0.000167382670376935,0,1.56877889798346,0,0.0204672301766134
859,"DTXSID8020462",212,0,0,0,0,0,0,0,0,0,0,0.0108263872017527,0.0108263872017527,0,5.71311579914775e-06,0.00439838563882026,0.000100598975943071,0.000100598975943071,0,0,0,0.000172781266755781,0.00154994683962445,0.000247991494339911,0.000130759005713212,0.000104452353871849,0,1.5370873579724,0,0.0200537633427011
859,"DTXSID8020462",213,0,0,0,0,0,0,0,0,0,0,0.0144422481842488,0.0144422481842488,0,5.60246482014932e-06,0.00586738455055383,0.000103944768125984,0.000103944768125984,0,0,0,0.000169434858772598,0.00170471063906913,0.000272753702251062,0.000174430673653542,0.000139337970269712,0,1.50603603163936,0,0.0196486491203181
859,"DTXSID8020462",214,0,0,0,0,0,0,0,0,0,0,0.0205531632500289,0.0205531632500289,0,5.48928715168596e-06,0.00835003740274688,0.0001131214782095,0.0001131214782095,0,0,0,0.000166012036338562,0.00200836953207601,0.000321339125132162,0.000248237121096132,0.000198295723307433,0,1.47561198576767,0,0.0192517187749647
859,"DTXSID8020462",215,0,0,0,0,0,0,0,0,0,0,0.0117808030669105,0.0117808030669105,0,5.37382429106971e-06,0.00478613170373952,0.000101693477698562,0.000101693477698562,0,0,0,0.000162520103035985,0.00159299570312038,0.000254879312499261,0.000142286255500171,0.000113660502613492,0,1.44580254840983,0,0.0188628069808154
859,"DTXSID8020462",216,0,0,0,0,0,0,0,0,0,0,0.0396559632611627,0.0396559632611627,0,5.3102292303522e-06,0.0161108425230943,0.000151748154127997,0.000151748154127997,0,0,0,0.000160596803117608,0.00307823504322861,0.000492517606916578,0.000478957036174525,0.000382598426464315,0,1.41659530360948,0,0.0184817517518588
859,"DTXSID8020462",217,0,0,0,0,0,0,0,0,0,0,0.0370916600223794,0.0370916600223794,0,5.20295513179191e-06,0.0150690550524578,0.000149643427893468,0.000149643427893468,0,0,0,0.000157352521837313,0.00297154837987003,0.000475447740779205,0.000447985878797465,0.000357858178000935,0,1.38797808623008,0,0.0181083943744289
859,"DTXSID8020462",218,0,0,0,0,0,0,0,0,0,0,0.0164858897227423,0.0164858897227423,0,5.05898273049346e-06,0.00669764522997522,0.000102772703763972,0.000102772703763972,0,0,0,0.000152998376962825,0.00175519397158402,0.000280831035453443,0.000199113379955083,0.000159054904939421,0,1.35993897688792,0,0.0177425793410989
859,"DTXSID8020462",219,0,0,0,0,0,0,0,0,0,0,0.0136643103086199,0.0136643103086199,0,4.9525709867224e-06,0.00555133537216249,9.57024043094125e-05,9.57024043094125e-05,0,0,0,0.000150385518047383,0.00158074107414559,0.000252918571863295,0.000165034890810359,0.000131832470904019,0,1.33246629698763,0,0.0173841542859108
859,"DTXSID8020462",220,0,0,0,0,0,0,0,0,0,0,0.0129439010366193,0.0129439010366193,0,4.85665015341428e-06,0.00525865807021569,9.17448377901741e-05,9.17448377901741e-05,0,0,0,0.000146879250342126,0.00151095952029516,0.000241753523247226,0.00015633392728874,0.00012488200415927,0,1.30554860385786,0,0.017032969920913
859,"DTXSID8020462",221,0,0,0,0,0,0,0,0,0,0,0.010639984088609,0.010639984088609,0,4.7544943171044e-06,0.00432265651879118,8.91262044635546e-05,8.91262044635546e-05,0,0,0,0.000143789760224185,0.00140704832356432,0.000225127731770291,0.000128507665050597,0.00010265394748068,0,1.27917468598536,0,0.0166888799739806
859,"DTXSID8020462",222,0,0,0,0,0,0,0,0,0,0,0.0135051889958257,0.0135051889958257,0,4.6624098102739e-06,0.00548668990142678,9.58046247147062e-05,9.58046247147062e-05,0,0,0,0.000141004856452214,0.00157732588967969,0.00025237214234875,0.000163113054443248,0.000130297277735439,0,1.25333355834516,0,0.0163517411278915
859,"DTXSID8020462",223,0,0,0,0.0121702578485436,1.08394181728741,0.109532320636892,0.0175251713019028,0.328596961910677,0.262488430219384,2318.793621678,0.0399855798398527,0.0399855798398527,0,6.19751976534678e-06,0.0162447543072389,0.000281696549577558,0.000281696549577558,0,0,0,0.00217432377943087,0.00656154484504808,0.00104984717520769,0.000482938081309241,0.000385778548039293,0,2.57337169944881,2263.8377423699,23.2059935875625
859,"DTXSID8020462",224,0,0,0,0,0,0,0,0,0,0,0.0447002253628929,0.0447002253628929,0,6.12285499345708e-06,0.0181601512697003,0.000177618287194275,0.000177618287194275,0,0,0,0.000185173022056873,0.00354877496648863,0.000567803994638181,0.000539880655909121,0.00043126517375994,0,1.63526216223823,0,0.0213282027147467
859,"DTXSID8020462",225,0,0,0,0,0,0,0,0,0,0,0.0138853203542603,0.0138853203542603,0,5.95342779201113e-06,0.00564112408862578,0.000110387015355366,0.000110387015355366,0,0,0,0.00018004900156167,0.0017645200466326,0.000282323207461216,0.00016770420729443,0.000133964762966577,0,1.60174218717344,0,0.0208972890128817
859,"DTXSID8020462",226,0,0,0,0,0,0,0,0,0,0,0.0157715134558684,0.0157715134558684,0,5.83812247758344e-06,0.00640741892877446,0.000109227714034298,0.000109227714034298,0,0,0,0.000176561832914841,0.00181076009083276,0.000289721614533242,0.000190485281899767,0.00015216264427715,0,1.56938474236238,0,0.0204751343856582
859,"DTXSID8020462",227,0,0,0,0,0,0,0,0,0,0,0.0146570960567415,0.0146570960567415,0,5.72018419301982e-06,0.00595466978978396,0.000111301454838274,0.000111301454838274,0,0,0,0.000172995035580023,0.00179922624515289,0.000287876199224463,0.000177025564604994,0.000141410810044239,0,1.53768096344283,0,0.020061507875607
859,"DTXSID8020462",228,0,0,0,0,0,0,0,0,0,0,0.0159588795250619,0.0159588795250619,0,5.5998645937846e-06,0.00648353926444927,0.000107076913079984,0.000107076913079984,0,0,0,0.000169982080653566,0.00179022942395888,0.000286436707833421,0.000192748252958863,0.000153970341212265,0,1.50661764544447,0,0.0196562372027677
859,"DTXSID8020462",229,0,0,0,0,0,0,0,0,0,0,0.0145356788341833,0.0145356788341833,0,5.48207582318559e-06,0.0059053421832562,0.000102464809279013,0.000102464809279013,0,0,0,0.000165878057204908,0.00168923734494498,0.000270277975191197,0.000175559110930069,0.000140239383744732,0,1.47618185015595,0,0.0192591535674771
859,"DTXSID8020462",230,0,0,0,0,0,0,0,0,0,0,0.0383866589542494,0.0383866589542494,0,5.42180812908039e-06,0.0155951682052649,0.000155490961963793,0.000155490961963793,0,0,0,0.000163971274096885,0.00308313213905932,0.000493301142249491,0.000463626624835402,0.000370352252355994,0,1.44636090073603,0,0.018870091580063
859,"DTXSID8020462",231,0,0,0,0.0121702578485436,1.08394181728741,0.109532320636892,0.0175251713019028,0.328596961910677,0.262488430219384,2318.793621678,0.0447400513123168,0.0447400513123168,0,6.90495988408145e-06,0.0181763311717058,0.000288499618582237,0.000288499618582237,0,0,0,0.00219577347883175,0.00661509133070117,0.00105841461291219,0.000540361666005213,0.000431649412203012,0,2.7809660279582,2263.8377423699,23.2086979989652
859,"DTXSID8020462",232,0,0,0,0,0,0,0,0,0,0,0.0225763694273654,0.0225763694273654,0,6.77508260621835e-06,0.00917199590367031,0.000138281664870266,0.000138281664870266,0,0,0,0.000204898237029609,0.00237470983379037,0.00037995357340646,0.000272673013067419,0.000217815498801575,0,1.81989425661908,0,0.0237410124124256
859,"DTXSID8020462",233,0,0,0,0,0,0,0,0,0,0,0.0235687040745815,0.0235687040745815,0,6.63257404417653e-06,0.00957514705463897,0.000135241343234722,0.000135241343234722,0,0,0,0.000200588362899153,0.00236893099315975,0.00037902895890556,0.000284658238552772,0.000227389485746503,0,1.78294658042667,0,0.0232613901813096
859,"DTXSID8020462",234,0,0,0,0,0,0,0,0,0,0,0.0185246887799339,0.0185246887799339,0,6.493063038243e-06,0.00752593857719083,0.000125500945091294,0.000125500945091294,0,0,0,0.000197162776937137,0.00209229090400116,0.000334766544640186,0.000223737599706271,0.000178725119631253,0,1.74692855203285,0,0.0227914773857007
859,"DTXSID8020462",235,0,0,0,0,0,0,0,0,0,0,0.0176543823449344,0.0176543823449344,0,6.36189403327022e-06,0.00717236325665776,0.000120784737533531,0.000120784737533531,0,0,0,0.000192477959499221,0.00200775688081091,0.000321241100929746,0.000213226207310484,0.000170328453778511,0,1.71163813846701,0,0.0223310574894307
859,"DTXSID8020462",236,0,0,0,0,0,0,0,0,0,0,0.0188880619096449,0.0188880619096449,0,6.23867759099705e-06,0.00767356447726902,0.000123240821804197,0.000123240821804197,0,0,0,0.000188675786549639,0.0020771739129328,0.000332347826069248,0.000228126349919843,0.000182230922446613,0,1.67706064088631,0,0.0218799387225827
859,"DTXSID8020462",237,0,0,0,0.0121702578485436,1.08394181728741,0.109532320636892,0.0175251713019028,0.328596961910677,0.262488430219384,2318.793621678,0.0495984295353402,0.0495984295353402,0,7.74073540228645e-06,0.0201501217452264,0.00032816683323806,0.00032816683323806,0,0,0,0.00222111119282373,0.0074233867193664,0.00118774187509862,0.000599040216290059,0.000478522762651107,0,2.98853889900875,2263.8377423699,23.2114101077911
859,"DTXSID8020462",238,0,0,0,0,0,0,0,0,0,0,0.0545348016280927,0.0545348016280927,0,7.65291441471648e-06,0.022155598523031,0.000220376066863212,0.000220376066863212,0,0,0,0.000231446556373206,0.00437435432915087,0.00069989669266414,0.000658660761412838,0.000526148593416871,0,2.04204240049149,0,0.0266353016171663
859,"DTXSID8020462",239,0,0,0,0,0,0,0,0,0,0,0.0202532648115299,0.0202532648115299,0,7.44114852138872e-06,0.00822819906827597,0.000142236171778874,0.000142236171778874,0,0,0,0.000225042010847258,0.00234873414837185,0.000375797463739496,0.000244615005897192,0.000195402320620095,0,2.00030489253351,0,0.0260971770537676
859,"DTXSID8020462",240,0,0,0,0,0,0,0,0,0,0,0.0202759203276462,0.0202759203276462,0,7.29082685630455e-06,0.00823740321873438,0.000140918539376111,0.000140918539376111,0,0,0,0.000220495845737502,0.00233301978137023,0.000373283165019237,0.000244888634828625,0.000195620899721547,0,1.95989592055054,0,0.0255699773751907
859,"DTXSID8020462",241,0,0,0,0,0,0,0,0,0,0,0.0203589035752216,0.0203589035752216,0,7.14354190026182e-06,0.00827111643419549,0.000140552584559221,0.000140552584559221,0,0,0,0.000216041519556518,0.00233048676990429,0.000372877883184687,0.000245890890404894,0.000196421517266407,0,1.92030326663133,0,0.025053427871555
859,"DTXSID8020462",242,0,0,0,0,0,0,0,0,0,0,0.0228812711058475,0.0228812711058475,0,7.00518659073034e-06,0.00929586688102373,0.000145951613820356,0.000145951613820356,0,0,0,0.000212132487674292,0.0024763488821145,0.000396215821138319,0.000276355556428897,0.000220757172457194,0,1.8815104400029,0,0.0245473133943485
859,"DTXSID8020462",243,0,0,0,0,0,0,0,0,0,0,0.0157477271418814,0.0157477271418814,0,6.85783797139861e-06,0.00639775537435956,0.000129857376280435,0.000129857376280435,0,0,0,0.000207401000357966,0.00205647509698924,0.000329036015518278,0.00019019799541088,0.000151933155303629,0,1.84350128302914,0,0.024051423141362
859,"DTXSID8020462",244,0,0,0,0,0,0,0,0,0,0,0.0459578739415795,0.0459578739415795,0,6.77092069736637e-06,0.0186710902693956,0.000195054452468144,0.000195054452468144,0,0,0,0.00020477236876039,0.00379731783692902,0.000607570853908644,0.000555070291622415,0.000443398894080429,0,1.80625996448091,0,0.0235655505688872
859,"DTXSID8020462",245,0,0,0,0,0,0,0,0,0,0,0.0465734412691587,0.0465734412691587,0,6.62849967782041e-06,0.0189211739254571,0.000190798907878173,0.000190798907878173,0,0,0,0.000200465142190001,0.00376649789657912,0.00060263966345266,0.000562504994465,0.00044933785184483,0,1.76977097294214,0,0.0230894933056895
859,"DTXSID8020462",246,0,0,0,0,0,0,0,0,0,0,0.0173437330609315,0.0173437330609315,0,6.44508064162873e-06,0.00704615722651994,0.000120532772111062,0.000120532772111062,0,0,0,0.00019523367702382,0.00199498838298845,0.000319198141278152,0.000209474245483813,0.000167331327559207,0,1.73401911034921,0,0.0226230530687173
859,"DTXSID8020462",247,0,0,0,0,0,0,0,0,0,0,0.020161002461364,0.020161002461364,0,6.32025305055725e-06,0.00819071607525057,0.000121485074155485,0.000121485074155485,0,0,0,0.000191142866114366,0.0020961917623288,0.000335390681972608,0.000243500679118772,0.000194512178833275,0,1.69898948566073,0,0.0221660355805161
859,"DTXSID8020462",248,0,0,0,0,0,0,0,0,0,0,0.0169122900650859,0.0169122900650859,0,6.19257505036921e-06,0.00687087690063344,0.000117603342970398,0.000117603342970398,0,0,0,0.0001872815114027,0.00194725194690874,0.000311560311505399,0.000204263360623759,0.000163168790635505,0,1.66466750865531,0,0.0217182504883088
859,"DTXSID8020462",249,0,0,0,0,0,0,0,0,0,0,0.0150340971480044,0.0150340971480044,0,6.06231907903114e-06,0.00610783225799514,0.000115822782402571,0.000115822782402571,0,0,0,0.000184400368621457,0.00186577379890206,0.000298523807824329,0.00018157891069614,0.000145048094639814,0,1.63103888385454,0,0.0212795112847123
859,"DTXSID8020462",250,0,0,0,0,0,0,0,0,0,0,0.021469607656142,0.021469607656142,0,5.94490477050343e-06,0.00872235698078415,0.000124213307098521,0.000124213307098521,0,0,0,0.000180426593723088,0.00217073610910641,0.000347317777457026,0.000259305758962269,0.000207137525621293,0,1.59808960456878,0,0.0208496352300547
859,"DTXSID8020462",251,0,0,0,0,0,0,0,0,0,0,0.0419876565593068,0.0419876565593068,0,5.86456913031149e-06,0.0170581286422375,0.000167975278855567,0.000167975278855567,0,0,0,0.000177361656744858,0.0033467302526545,0.00053547684042472,0.000507118775784588,0.000405094467753042,0,1.56580594706322,0,0.0204284432762628
859,"DTXSID8020462",252,0,0,0,0,0,0,0,0,0,0,0.0432743628521422,0.0432743628521422,0,5.7509848203681e-06,0.0175808727834105,0.000165910636989428,0.000165910636989428,0,0,0,0.000173926536287728,0.00336338435015715,0.000538141496025144,0.000522659364935958,0.000417508535209138,0,1.5341744648418,0,0.020015759992286
859,"DTXSID8020462",253,0,0,0,0,0,0,0,0,0,0,0.0152099020368405,0.0152099020368405,0,5.58709476842361e-06,0.00617925568705611,0.000108432710339499,0.000108432710339499,0,0,0,0.000170062181827756,0.00178240494335747,0.000285184790937194,0.000183702248060243,0.00014674424997944,0,1.50318198304658,0,0.0196114134910279
859,"DTXSID8020462",254,0,0,0,0,0,0,0,0,0,0,0.011156591909188,0.011156591909188,0,5.47422759662097e-06,0.00453253635927656,0.000104619592937401,0.000104619592937401,0,0,0,0.000165583735732822,0.00160906634344433,0.000257450614951094,0.000134747154152893,0.000107638149678745,0,1.47281559297029,0,0.0192152353577529
859,"DTXSID8020462",255,0,0,0,0,0,0,0,0,0,0,0.0154805508219261,0.0154805508219261,0,5.368203377242e-06,0.00628921090178296,0.000101875922812708,0.000101875922812708,0,0,0,0.000162350110225474,0.00171286704738768,0.000274058727582029,0.00018697109161588,0.000149355453712313,0,1.4430626466797,0,0.0188270605799402
859,"DTXSID8020462",256,0,0,0,0,0,0,0,0,0,0,0.0126095590635892,0.0126095590635892,0,5.25975811938187e-06,0.00512282652223705,9.52740935153517e-05,9.52740935153517e-05,0,0,0,0.000159070409675815,0.00154284895593345,0.000246855832949352,0.000152295809757295,0.00012165629225461,0,1.4139107517476,0,0.0184467274785537
859,"DTXSID8020462",257,0,0,0,0,0,0,0,0,0,0,0.0116160060452587,0.0116160060452587,0,5.14912322238493e-06,0.00471918038934021,9.06492122829014e-05,9.06492122829014e-05,0,0,0,0.000155724488059211,0.00145561720681122,0.000232898753089795,0.000140295869021828,0.000112070550536052,0,1.38534776609126,0,0.0180740776407014
859,"DTXSID8020462",258,0,0,0,0,0,0,0,0,0,0,0.0334604141921415,0.0334604141921415,0,5.08386245710988e-06,0.0135938058106647,0.000145901952359878,0.000145901952359878,0,0,0,0.000153750812382034,0.00281147448299094,0.00044983591727855,0.000404128395648766,0.000322824129487108,0,1.35736179291509,0,0.0177089558536545
859,"DTXSID8020462",259,0,0,0,0,0,0,0,0,0,0,0.0371829680939204,0.0371829680939204,0,4.98116128572282e-06,0.0151061503551742,0.000143867657493018,0.000143867657493018,0,0,0,0.000150644829742542,0.00290500596137865,0.000464800953820584,0.000449088679983658,0.000358739112963099,0,1.3299411757555,0,0.0173512100401995
859,"DTXSID8020462",260,0,0,0,0,0,0,0,0,0,0,0.0154691750322794,0.0154691750322794,0,4.84744644563785e-06,0.00628458931298515,9.59566923363235e-05,9.59566923363235e-05,0,0,0,0.000146600903404243,0.00164097827613951,0.000262556524182322,0.000186833697033949,0.000149245700755615,0,1.30307449362586,0,0.0170006911952966
859,"DTXSID8020462",261,0,0,0,0,0,0,0,0,0,0,0.0147574453153178,0.0147574453153178,0,4.7454842021204e-06,0.00599543821322599,9.1892742134883e-05,9.1892742134883e-05,0,0,0,0.000144544226692079,0.00156985490952118,0.000251176785523389,0.000178237563495388,0.000142378973852928,0,1.27675055625953,0,0.0166572533240173
859,"DTXSID8020462",262,0,0,0,0,0,0,0,0,0,0,0.0152024325878228,0.0152024325878228,0,4.65753302190987e-06,0.00617622110897601,9.55929813857645e-05,9.55929813857645e-05,0,0,0,0.000140857368163711,0.00162873860139726,0.000260598176223562,0.000183612033503108,0.000146672185169871,0,1.25095839944901,0,0.016320753380736
859,"DTXSID8020462",263,0,0,0,0,0,0,0,0,0,0,0.0133776335862949,0.0133776335862949,0,4.55568990962043e-06,0.00543486856241693,8.45731312061166e-05,8.45731312061166e-05,0,0,0,0.000137831578666549,0.00143810748524094,0.00023009719763855,0.000161572464936077,0.000129066630565124,0,1.22568728047917,0,0.0159910512095498
859,"DTXSID8020462",264,0,0,0,0,0,0,0,0,0,0,0.0110993268496951,0.0110993268496951,0,4.46745582401202e-06,0.00450927155167399,8.96104159315058e-05,8.96104159315058e-05,0,0,0,0.00013510887991513,0.00142701490935744,0.00022832238549719,0.000134055517866304,0.000107085659716288,0,1.20092667365288,0,0.0156680094859024
859,"DTXSID8020462",265,0,0,0,0,0,0,0,0,0,0,0.028925307076312,0.028925307076312,0,4.4070854837785e-06,0.0117513490762938,0.000126855465729212,0.000126855465729212,0,0,0,0.000133283104939314,0.00243935762879634,0.000390297220607415,0.000349354251124102,0.000279069679874159,0,1.17666626590687,0,0.0153514936593864
859,"DTXSID8020462",266,0,0,0,0,0,0,0,0,0,0,0.0320302543612093,0.0320302543612093,0,4.32172955183982e-06,0.0130127814722251,0.000124888959682251,0.000124888959682251,0,0,0,0.00013070169287557,0.0025140506579968,0.000402248105279488,0.000386855202475572,0.000309026030641202,0,1.15289595251626,0,0.015041371897702
859,"DTXSID8020462",267,0,0,0,0,0,0,0,0,0,0,0.0128364949455141,0.0128364949455141,0,4.20571656957179e-06,0.00521502270046257,8.25707186049999e-05,8.25707186049999e-05,0,0,0,0.000127193122291481,0.00139784162643726,0.000223654660229962,0.000155036697343169,0.00012384575644089,0,1.12960583288582,0,0.0147375150317473
859,"DTXSID8020462",268,0,0,0,0,0,0,0,0,0,0,0.00885268147669699,0.00885268147669699,0,4.1137530208782e-06,0.00359653745488156,7.66719615954295e-05,7.66719615954295e-05,0,0,0,0.000124411876645977,0.00120079537172723,0.000192127259476357,0.000106920970607929,8.54101558615059e-05,0,1.10678620642626,0,0.0144397965018177
859,"DTXSID8020462",269,0,0,0,0,0,0,0,0,0,0,0.0134482625296862,0.0134482625296862,0,4.03407831882055e-06,0.00546356265256059,7.99652447352288e-05,7.99652447352288e-05,0,0,0,0.000122002281525927,0.0013851265020247,0.000221620240323951,0.000162425507621538,0.000129748054501957,0,1.08442756851385,0,0.0141480923048929
859,"DTXSID8020462",270,0,0,0,0,0,0,0,0,0,0,0.0102700573882256,0.0102700573882256,0,3.95258426340397e-06,0.00417236813024,7.60231129965778e-05,7.60231129965778e-05,0,0,0,0.000119537663859671,0.00123782165772594,0.00019805146523615,0.000124039762080983,9.90849161967406e-05,0,1.06252060653162,0,0.0138622809429878
859,"DTXSID8020462",271,0,0,0,0,0,0,0,0,0,0,0.00818203824153149,0.00818203824153149,0,3.86944474578204e-06,0.00332407836771291,7.21845183091893e-05,7.21845183091893e-05,0,0,0,0.000117023282622322,0.00112537823686373,0.000180060517898197,9.88210716310726e-05,7.89398289448843e-05,0,1.04105619599056,0,0.0135822433725476
859,"DTXSID8020462",272,0,0,0,0.0121702578485436,1.08394181728741,0.109532320636892,0.0175251713019028,0.328596961910677,0.262488430219384,2318.793621678,0.03295109893363,0.03295109893363,0,5.42445661780674e-06,0.0133868886852264,0.000256990920784678,0.000256990920784678,0,0,0,0.00215088437912898,0.00603651706781392,0.000965842730850228,0.000397976984697313,0.000317910285503608,0,2.36538263835269,2263.8377423699,23.2032800375567
859,"DTXSID8020462",273,0,0,0,0,0,0,0,0,0,0,0.0392468197018282,0.0392468197018282,0,5.36414919290086e-06,0.0159446216848721,0.000153955406008982,0.000153955406008982,0,0,0,0.000162227627817466,0.00309178277732045,0.000494685244371272,0.000474015479585464,0.000378651033206749,0,1.43147477268427,0,0.01866947023533
859,"DTXSID8020462",274,0,0,0,0,0,0,0,0,0,0,0.0105182947230949,0.0105182947230949,0,5.2112830854343e-06,0.00427321835001891,9.17955445607285e-05,9.17955445607285e-05,0,0,0,0.000157604383418699,0.00143498477977381,0.00022959756476381,0.000127037924485811,0.000101479895561766,0,1.4020715894874,0,0.0182922666686908
859,"DTXSID8020462",275,0,0,0,0,0,0,0,0,0,0,0.0125634405024828,0.0125634405024828,0,5.11035154553321e-06,0.00510409015034553,9.8048020580304e-05,9.8048020580304e-05,0,0,0,0.000154830924339326,0.00157414749047083,0.000251863598475332,0.000151738798717248,0.000121211343060111,0,1.37374777155884,0,0.0179227371564256
859,"DTXSID8020462",276,0,0,0,0,0,0,0,0,0,0,0.0198001875221358,0.0198001875221358,0,5.01137483625248e-06,0.00804412947924225,0.000106871012159439,0.000106871012159439,0,0,0,0.000152278993469236,0.00191001902688612,0.000305603044301779,0.000239142826233896,0.000191031057290863,0,1.34599613458602,0,0.0175606726600006
859,"DTXSID8020462",277,0,0,0,0,0,0,0,0,0,0,0.0143914481647571,0.0143914481647571,0,4.90179450525493e-06,0.00584674626448295,9.08172700999097e-05,9.08172700999097e-05,0,0,0,0.000148713615042987,0.00154562529608511,0.000247300047373618,0.000173817120866711,0.000138847854637068,0,1.31880511970891,0,0.0172059223755974
859,"DTXSID8020462",278,0,0,0,0,0,0,0,0,0,0,0.0139954772238473,0.0139954772238473,0,4.80685710508242e-06,0.00568587700427343,9.05280360581553e-05,9.05280360581553e-05,0,0,0,0.000145373363490034,0.00152979759427033,0.000244767615083253,0.000169034660609211,0.000135027550035716,0,1.29216340157275,0,0.0168583385458466
859,"DTXSID8020462",279,0,0,0,0,0,0,0,0,0,0,0.0337673981349232,0.0337673981349232,0,4.741900313047e-06,0.0137185227397859,0.000136604620985171,0.000136604620985171,0,0,0,0.000143481636656843,0.00271014432050483,0.000433623091280772,0.000407836088194767,0.00032578589270755,0,1.26605988361085,0,0.0165177763982856
859,"DTXSID8020462",280,0,0,0,0,0,0,0,0,0,0,0.0311098530704788,0.0311098530704788,0,4.65005972545907e-06,0.0126388543492006,0.000131350046411694,0.000131350046411694,0,0,0,0.000140631353905816,0.00256268331131994,0.000410029329811191,0.000375738774124146,0.000300146052534754,0,1.24048369342278,0,0.0161840940850591
859,"DTXSID8020462",281,0,0,0,0,0,0,0,0,0,0,0.0141370531696737,0.0141370531696737,0,4.52138664489284e-06,0.00574339440091933,9.16339666369726e-05,9.16339666369726e-05,0,0,0,0.000136750387599298,0.0015470233630475,0.000247523738087601,0.000170744587435602,0.000136393466524534,0,1.21542417824591,0,0.0158571526238382
859,"DTXSID8020462",282,0,0,0,0,0,0,0,0,0,0,0.0118910852021959,0.0118910852021959,0,4.43004827595745e-06,0.00483093551049597,8.89954880817675e-05,8.89954880817675e-05,0,0,0,0.000133977566676203,0.00144503302139756,0.00023120528342361,0.000143618221749772,0.000114724498238802,0,1.19087090051838,0,0.0155368158399321
859,"DTXSID8020462",283,0,0,0,0,0,0,0,0,0,0,0.0110077548133673,0.0110077548133673,0,4.33686567638201e-06,0.00447206900921953,8.26185111958615e-05,8.26185111958615e-05,0,0,0,0.000132052601112907,0.00134012076926356,0.000214419323082169,0.00013294952856459,0.000106202178037217,0,1.16681363353175,0,0.0152229503095705
859,"DTXSID8020462",284,0,0,0,0,0,0,0,0,0,0,0.0122869256909608,0.0122869256909608,0,4.2492548905139e-06,0.00499175177252336,8.17846533451695e-05,8.17846533451695e-05,0,0,0,0.000128960976154648,0.00137059188360486,0.000219294701376777,0.000148399106431557,0.00011854354424545,0,1.14324235717149,0,0.014915425304331
859,"DTXSID8020462",285,0,0,0,0,0,0,0,0,0,0,0.0125852611510069,0.0125852611510069,0,4.16695580360946e-06,0.00511295512305617,8.39158432985941e-05,8.39158432985941e-05,0,0,0,0.000126020883800464,0.00140553093617937,0.0002248849497887,0.000152002344279758,0.000121421867407605,0,1.12014725374346,0,0.0146141127366889
859,"DTXSID8020462",286,0,0,0,0,0,0,0,0,0,0,0.0284658930666853,0.0284658930666853,0,4.11414317651429e-06,0.0115647050976,0.000119056217800473,0.000119056217800473,0,0,0,0.000124423676089119,0.00233124432028247,0.000372999091245195,0.000343805537782334,0.000274637280236776,0,1.09751870388477,0,0.0143188871066679
859,"DTXSID8020462",287,0,0,0,0,0,0,0,0,0,0,0.0264422817168116,0.0264422817168116,0,4.03103169837208e-06,0.010742581989127,0.000114583440175573,0.000114583440175573,0,0,0,0.000121910142847329,0.00221296274962091,0.000354074039939346,0.000319364752215695,0.000255113595661568,0,1.07534728255716,0,0.0140296254495675
859,"DTXSID8020462",288,0,0,0,0,0,0,0,0,0,0,0.00726978890587298,0.00726978890587298,0,3.91615641786425e-06,0.00295346310130769,7.10801105683433e-05,7.10801105683433e-05,0,0,0,0.000118435979679127,0.00108337769498627,0.000173340431197803,8.78031010125884e-05,7.0138500426712e-05,0,1.05362375512143,0,0.0137462072847473
859,"DTXSID8020462",289,0,0,0,0.0121702578485436,1.08394181728741,0.109532320636892,0.0175251713019028,0.328596961910677,0.262488430219384,2318.793621678,0.0162227975275728,0.0162227975275728,0,3.84357571499597e-06,0.00659075999565329,0.000200324504692192,0.000200324504692192,0,0,0,0.00215011250589772,0.00355420561988853,0.000568672899182164,0.000195935803427458,0.000156516606746436,0,2.09786559460598,2263.8377423699,23.2019960666012
859,"DTXSID8020462",290,0,0,0,0,0,0,0,0,0,0,0.0200415418788535,0.0200415418788535,0,5.37634697050179e-06,0.00814218338371391,0.000127868233101222,0.000127868233101222,0,0,0,0.000444839399939986,0.0021690554983529,0.000347048879736465,0.00024205785736301,0.000193359630083115,0,1.61630471462862,0,0.0188746556798788
859,"DTXSID8020462",291,0,0,0,0,0,0,0,0,0,0,0.0144525060685519,0.0144525060685519,0,5.26773720085293e-06,0.00587155197318176,0.000105063232699479,0.000105063232699479,0,0,0,0.000159311720346311,0.00171832127301286,0.000274931403682058,0.00017455456639146,0.000139436937740692,0,1.41605566200549,0,0.0184747112637567
859,"DTXSID8020462",292,0,0,0,0,0,0,0,0,0,0,0.0158227712193895,0.0158227712193895,0,5.16132150104772e-06,0.00642824318036898,0.00010341971951621,0.00010341971951621,0,0,0,0.000156093399545289,0.0017420161592135,0.00027872258547416,0.000191104363230242,0.00015265717619756,0,1.38744934613363,0,0.0181014961140867
859,"DTXSID8020462",293,0,0,0,0.0121702578485436,1.08394181728741,0.109532320636892,0.0175251713019028,0.328596961910677,0.262488430219384,2318.793621678,0.042188119414074,0.042188119414074,0,6.69023564576904e-06,0.0171395697476676,0.000294477804208664,0.000294477804208664,0,0,0,0.00218926300502073,0.00678605665541038,0.00108576906486566,0.000509539927280771,0.000407028521713435,0,2.72324456960977,2263.8377423699,23.2079449302086
859,"DTXSID8020462",294,0,0,0,0,0,0,0,0,0,0,0.0481811108869955,0.0481811108869955,0,6.60932611840723e-06,0.0195743143339136,0.000188583527909949,0.000188583527909949,0,0,0,0.000199885326194229,0.00379127349052427,0.000606603758483884,0.00058192211643064,0.000464848554787739,0,1.76333885290658,0,0.0230031567037576
859,"DTXSID8020462",295,0,0,0,0,0,0,0,0,0,0,0.0110047624987267,0.0110047624987267,0,6.4209752837627e-06,0.00447085333556064,0.000114890600343109,0.000114890600343109,0,0,0,0.00019418899989767,0.00172688877437372,0.000276302203899795,0.00013291338796848,0.000106173308359649,0,1.72753367540656,0,0.0225384401956493
859,"DTXSID8020462",296,0,0,0,0,0,0,0,0,0,0,0.0161153028019216,0.0161153028019216,0,6.29661456252911e-06,0.00654708861675819,0.00012216801243233,0.00012216801243233,0,0,0,0.000190427969366377,0.00197676872195566,0.000316282995512906,0.000194637502971025,0.000155479503887114,0,1.69263506562478,0,0.0220831320064804
859,"DTXSID8020462",297,0,0,0,0,0,0,0,0,0,0,0.0155572104237454,0.0155572104237454,0,6.16941409304352e-06,0.00632035503929035,0.000116478196162633,0.000116478196162633,0,0,0,0.000186581056574424,0.00189101217381203,0.000302561947809925,0.000187896971424672,0.000150095061090812,0,1.6584414568407,0,0.0216370216830611
859,"DTXSID8020462",298,0,0,0,0,0,0,0,0,0,0,0.0162731411851695,0.0162731411851695,0,6.0447832519315e-06,0.00661121287771382,0.000111684279221872,0.000111684279221872,0,0,0,0.000182811856831023,0.00185584188461378,0.000296934701538204,0.000196543844363796,0.000157002319426068,0,1.62493860704267,0,0.0211999234155677
859,"DTXSID8020462",299,0,0,0,0,0,0,0,0,0,0,0.0144792761775435,0.0144792761775435,0,5.91763596544662e-06,0.00588242774002292,0.000106693572449166,0.000106693572449166,0,0,0,0.000178995895324189,0.00173944646971556,0.00027831143515449,0.000174877890577945,0.000139695214194828,0,1.59211256192771,0,0.0207716551477962
859,"DTXSID8020462",300,0,0,0,0,0,0,0,0,0,0,0.0390750581595345,0.0390750581595345,0,5.84760531350437e-06,0.0158748409272798,0.000167032411005541,0.000167032411005541,0,0,0,0.000176848621501045,0.00324364365350276,0.000518982984560442,0.000471940976977016,0.000376993887839333,0,1.55994964908939,0,0.0203520385013342
859,"DTXSID8020462",301,0,0,0,0.0121702578485436,1.08394181728741,0.109532320636892,0.0175251713019028,0.328596961910677,0.262488430219384,2318.793621678,0.0475594641963459,0.0475594641963459,0,7.31897471760007e-06,0.0193217608434814,0.000318213367709859,0.000318213367709859,0,0,0,0.00220832647588592,0.00724163449054516,0.00115866151848723,0.000574413988219495,0.000458850943682117,0,2.89226012384787,2263.8377423699,23.2101500084745
859,"DTXSID8020462",302,0,0,0,0,0,0,0,0,0,0,0.0197705996399034,0.0197705996399034,0,7.17497505885201e-06,0.0080321089488595,0.000134984776745267,0.000134984776745267,0,0,0,0.000218019423354005,0.00224602170953023,0.000359363473524836,0.00023878546952849,0.00019074559512443,0,1.92894005525194,0,0.0251636892875928
859,"DTXSID8020462",303,0,0,0,0,0,0,0,0,0,0,0.0204652630163543,0.0204652630163543,0,7.03003047204772e-06,0.00831432658636478,0.000132988836455403,0.000132988836455403,0,0,0,0.000212608603255222,0.00224431262739525,0.00035909002038324,0.000247175479115012,0.000197447666966745,0,1.88978950056922,0,0.0246553269827991
859,"DTXSID8020462",304,0,0,0,0,0,0,0,0,0,0,0.0187553767242386,0.0187553767242386,0,6.88801396974123e-06,0.00761965908823207,0.000136260570265852,0.000136260570265852,0,0,0,0.000208313610464703,0.00222915182061361,0.000356664291298177,0.000226523803974157,0.000180950783497088,0,1.85161309492865,0,0.0241572547034196
859,"DTXSID8020462",305,0,0,0,0,0,0,0,0,0,0,0.0205791002285527,0.0205791002285527,0,6.74886640050802e-06,0.0083605746975736,0.000127702762949953,0.000127702762949953,0,0,0,0.000204435921965551,0.00218317914040184,0.000349308662464294,0.000248550382894345,0.000198545961767285,0,1.8142079063719,0,0.0236692441845538
859,"DTXSID8020462",306,0,0,0,0,0,0,0,0,0,0,0.0166040148799917,0.0166040148799917,0,6.60690927584198e-06,0.00674563538454359,0.000124751498318179,0.000124751498318179,0,0,0,0.000199812185531192,0.00202312874177495,0.000323700598683993,0.00020054007270344,0.000160194569584353,0,1.77755835522925,0,0.0231910921644887
859,"DTXSID8020462",307,0,0,0,0,0,0,0,0,0,0,0.0388246192843594,0.0388246192843594,0,6.52872160654091e-06,0.0157730962980286,0.000172162195922784,0.000172162195922784,0,0,0,0.000197447562614125,0.00329544682509479,0.000527271492015167,0.000468916224795188,0.000374577668141518,0,1.74164917656223,0,0.022722599487684
859,"DTXSID8020462",308,0,0,0,0,0,0,0,0,0,0,0.0436547421443624,0.0436547421443624,0,6.39683224833964e-06,0.0177354076975077,0.000185605399651978,0.000185605399651978,0,0,0,0.000193458844166475,0.00361143547616345,0.000577829676186152,0.000527253512283335,0.000421178412491014,0,1.70646541380561,0,0.0222635710218213
859,"DTXSID8020462",309,0,0,0,0,0,0,0,0,0,0,0.0170102339508857,0.0170102339508857,0,6.21453700635821e-06,0.00691066810453959,0.000121002561956772,0.000121002561956772,0,0,0,0.000189225546198294,0.00199093650545391,0.000318549840872625,0.000205446307888086,0.000164113747547584,0,1.6719924125378,0,0.0218138155765295
859,"DTXSID8020462",310,0,0,0,0,0,0,0,0,0,0,0.0171231146995059,0.0171231146995059,0,6.09417455827374e-06,0.00695652763776876,0.000117653894411578,0.000117653894411578,0,0,0,0.000184305593834884,0.00195360464714508,0.000312576743543212,0.000206809659685753,0.000165202814443168,0,1.63821581437713,0,0.0213731458237517
859,"DTXSID8020462",311,0,0,0,0,0,0,0,0,0,0,0.0151200560355772,0.0151200560355772,0,5.97106366157813e-06,0.00614275437278593,0.000119295475086585,0.000119295475086585,0,0,0,0.000180582361638947,0.00191083436975607,0.000305733499160972,0.000182617105475411,0.000145877420986255,0,1.60512155100145,0,0.0209413782197215
859,"DTXSID8020462",312,0,0,0,0,0,0,0,0,0,0,0.0193090201409526,0.0193090201409526,0,5.89538549905784e-06,0.00784458520695691,0.000123005481219358,0.000123005481219358,0,0,0,0.000178293633518302,0.0020873979453253,0.000333983671252048,0.000233210601826489,0.000186292302972031,0,1.57269583828849,0,0.0205183329285144
859,"DTXSID8020462",313,0,0,0,0,0,0,0,0,0,0,0.0149467151829653,0.0149467151829653,0,5.73225266677699e-06,0.00607233199618502,0.000113110921170607,0.000113110921170607,0,0,0,0.000173360021387572,0.0018312406390727,0.000292998502251631,0.000180523528263122,0.000144205038524769,0,1.54092517057463,0,0.0201038337471447
859,"DTXSID8020462",314,0,0,0,0.0121702578485436,1.08394181728741,0.109532320636892,0.0175251713019028,0.328596961910677,0.262488430219384,2318.793621678,0.0471738415878182,0.0471738415878182,0,7.24485931436963e-06,0.0191650957518174,0.000311379930600954,0.000311379930600954,0,0,0,0.00220607928481184,0.00714504846013226,0.00114320775362116,0.000569756513114277,0.000455130479189549,0,2.85515355665319,2263.8377423699,23.209669882634
859,"DTXSID8020462",315,0,0,0,0,0,0,0,0,0,0,0.0482057215380689,0.0482057215380689,0,7.16300882929883e-06,0.019584312787897,0.000206540880491937,0.000206540880491937,0,0,0,0.000216630384145116,0.00400684745417088,0.000641095592667341,0.000582219359103042,0.000465085996917513,0,1.91135162963965,0,0.0249302314556401
859,"DTXSID8020462",316,0,0,0,0,0,0,0,0,0,0,0.0202415007705958,0.0202415007705958,0,6.96479924805824e-06,0.00822341974644543,0.00013378524157056,0.00013378524157056,0,0,0,0.000210685406143734,0.0022463495982973,0.000359415935727568,0.000244472922091482,0.000195288821837563,0,1.87225425905148,0,0.0244265517074509
859,"DTXSID8020462",317,0,0,0,0,0,0,0,0,0,0,0.0178720664013873,0.0178720664013873,0,6.82410050821509e-06,0.00726080073906627,0.00012744259733297,0.00012744259733297,0,0,0,0.000206380681178221,0.00209467888715262,0.000335148621944419,0.000215855353141957,0.000172428656890884,0,1.83443208995045,0,0.0239331010103744
859,"DTXSID8020462",318,0,0,0,0,0,0,0,0,0,0,0.0160325030102229,0.0160325030102229,0,6.6862440807902e-06,0.00651344993305714,0.000128715827804571,0.000128715827804571,0,0,0,0.000202211501172373,0.00205310695803646,0.000328497113285833,0.000193637463139267,0.000154680656313878,0,1.79737398185698,0,0.0234496187113495
859,"DTXSID8020462",319,0,0,0,0,0,0,0,0,0,0,0.0183430007083444,0.0183430007083444,0,6.55117254707539e-06,0.00745212501501795,0.000129450781908813,0.000129450781908813,0,0,0,0.000198126544466022,0.00213328796525131,0.000341326074440209,0.000221543206401444,0.00017697220368669,0,1.76106449966413,0,0.0229759034347162
859,"DTXSID8020462",320,0,0,0,0,0,0,0,0,0,0,0.0177773395039259,0.0177773395039259,0,6.41882964830117e-06,0.00722231648595027,0.000126973213128961,0.000126973213128961,0,0,0,0.000194124109630069,0.00208761750591304,0.000334018800946086,0.000214711260039104,0.000171514737295138,0,1.72548852007587,0,0.0225117578728862
859,"DTXSID8020462",321,0,0,0,0,0,0,0,0,0,0,0.0453898520773907,0.0453898520773907,0,6.33747643204927e-06,0.0184403226861357,0.000180360311815308,0.000180360311815308,0,0,0,0.000191663751350484,0.00360371587805734,0.000576594540489174,0.000548209833669029,0.00043791865218075,0,1.69063122530801,0,0.0220569887041622
859,"DTXSID8020462",322,0,0,0,0.0121702578485436,1.08394181728741,0.109532320636892,0.0175251713019028,0.328596961910677,0.262488430219384,2318.793621678,0.0520845186900198,0.0520845186900198,0,7.79019825253835e-06,0.0211601335461159,0.00032996372148825,0.00032996372148825,0,0,0,0.00222260963974743,0.00752340332521061,0.0012037445320337,0.000629066719122664,0.000502508406181343,0,3.00183533853998,2263.8377423699,23.2115835811141
859,"DTXSID8020462",323,0,0,0,0,0,0,0,0,0,0,0.0152769192886952,0.0152769192886952,0,7.63653669582889e-06,0.00620648247218932,0.000135021575964423,0.000135021575964423,0,0,0,0.000230951118507375,0.00210361166569258,0.000336577866510813,0.000184511669435523,0.000147390828526448,0,2.05507023324457,0,0.0268052705350314
859,"DTXSID8020462",324,0,0,0,0,0,0,0,0,0,0,0.0160245536179626,0.0160245536179626,0,7.4822679148347e-06,0.00651022037068293,0.000129396931428501,0.000129396931428501,0,0,0,0.000226285581105169,0.00206020163055105,0.000329632260888169,0.000193541451920693,0.000154603961039825,0,2.01306954474313,0,0.0262637123604539
859,"DTXSID8020462",325,0,0,0,0,0,0,0,0,0,0,0.0215738443924264,0.0215738443924264,0,7.33111558017414e-06,0.00876470475159329,0.000141665769537294,0.000141665769537294,0,0,0,0.000221714294127293,0.00238282965675022,0.000381252745080035,0.000260564710054756,0.000208143195588746,0,1.9724027088338,0,0.0257331484344729
859,"DTXSID8020462",326,0,0,0,0,0,0,0,0,0,0,0.022250353899221,0.022250353899221,0,7.18912736487875e-06,0.00903954710147057,0.000144517922906511,0.000144517922906511,0,0,0,0.000217420156818402,0.00243896794226105,0.000390234870761768,0.000268735460723057,0.000214670119952762,0,1.93255740020218,0,0.025213302645962
859,"DTXSID8020462",327,0,0,0,0,0,0,0,0,0,0,0.0189802982841963,0.0189802982841963,0,7.04389688158917e-06,0.00771103691730317,0.000137877606223961,0.000137877606223961,0,0,0,0.000213027963879119,0.00225582494989754,0.000360931991983607,0.000229240362969828,0.000183120813622217,0,1.89351702284187,0,0.0247039584734706
859,"DTXSID8020462",328,0,0,0,0,0,0,0,0,0,0,0.0493579882920401,0.0493579882920401,0,6.95462146883294e-06,0.0200524388070677,0.000199187017774846,0.000199187017774846,0,0,0,0.000210328015296164,0.00395544917810446,0.000632871868496713,0.000596136213567777,0.000476202999523985,0,1.85526531600916,0,0.0242049037695861
859,"DTXSID8020462",329,0,0,0,0,0,0,0,0,0,0,0.0459755101054316,0.0459755101054316,0,6.80833644728001e-06,0.0186782552311105,0.000195019486892043,0.000195019486892043,0,0,0,0.000205903930047431,0.0037980818468686,0.000607693095498976,0.000555283297790301,0.000443569046763249,0,1.81778634745023,0,0.0237159306725718
859,"DTXSID8020462",330,0,0,0,0,0,0,0,0,0,0,0.0186209142729181,0.0186209142729181,0,6.6199410984189e-06,0.00756503165769338,0.000122753500511646,0.000122753500511646,0,0,0,0.000201117119359101,0.00206287416475405,0.000330059866360649,0.000224899792555316,0.000179653497589418,0,1.78106450676521,0,0.0232368355197907
859,"DTXSID8020462",331,0,0,0,0,0,0,0,0,0,0,0.0151318235468572,0.0151318235468572,0,6.4917268298474e-06,0.00614753510449762,0.000123100885612218,0.000123100885612218,0,0,0,0.000196328732783754,0.00195740596092591,0.000313184953748145,0.000182759231195286,0.000145990953250482,0,1.74508449890625,0,0.0227674187628771
859,"DTXSID8020462",332,0,0,0,0,0,0,0,0,0,0,0.0105284392591679,0.0105284392591679,0,6.35517843487352e-06,0.00427733972319211,0.000114894352726515,0.000114894352726515,0,0,0,0.000192199111490138,0.0017118873203531,0.000273901971256496,0.000127160448225782,0.000101577769455616,0,1.70983133780697,0,0.0223074848846234
859,"DTXSID8020462",333,0,0,0,0,0,0,0,0,0,0,0.0134582991536632,0.0134582991536632,0,6.22679489280454e-06,0.00546764018479179,0.000116183194780766,0.000116183194780766,0,0,0,0.000188316419136417,0.00182100301631138,0.000291360482609821,0.000162546728020134,0.000129844887266183,0,1.67529034014062,0,0.0218568423175441
859,"DTXSID8020462",334,0,0,0,0,0,0,0,0,0,0,0.0140223658275187,0.0140223658275187,0,6.10619503536528e-06,0.00569680091139335,0.000113991495370291,0.000113991495370291,0,0,0,0.000184669128083428,0.00181165958922181,0.00028986553427549,0.000169359415951466,0.000135286969719629,0,1.64144711920429,0,0.0214153033640867
859,"DTXSID8020462",335,0,0,0,0,0,0,0,0,0,0,0.0416340172519401,0.0416340172519401,0,6.02367982170924e-06,0.0169144572565889,0.000172365269090368,0.000172365269090368,0,0,0,0.000182173627616898,0.00338848541415075,0.000542157666264121,0.000502847588790196,0.00040168257628937,0,1.60828757892672,0,0.0209826841184529
859,"DTXSID8020462",336,0,0,0,0,0,0,0,0,0,0,0.0416386540152413,0.0416386540152413,0,5.90701387393611e-06,0.0169163410127058,0.000168443531914141,0.000168443531914141,0,0,0,0.000178645309453539,0.00334180473220545,0.000534688757152871,0.00050290359071842,0.000401727311511945,0,1.57579790799708,0,0.0205588043900003
859,"DTXSID8020462",337,0,0,0,0,0,0,0,0,0,0,0.0133930498361188,0.0133930498361188,0,5.74355926969836e-06,0.00544113165005332,0.000108499433270579,0.000108499433270579,0,0,0,0.000173701966001359,0.00172613107964137,0.000276180972742619,0.000161758659412706,0.000129215365646548,0,1.54396457411248,0,0.0201434876281911
859,"DTXSID8020462",338,0,0,0,0,0,0,0,0,0,0,0.0160751846566748,0.0160751846566748,0,5.62274799401301e-06,0.00653079000572373,0.000110102102873607,0.000110102102873607,0,0,0,0.000170264827785184,0.00183016005466978,0.000292825608747165,0.00019415296379043,0.00015509244635574,0,1.51277431834155,0,0.0197365608490563
859,"DTXSID8020462",339,0,0,0,0,0,0,0,0,0,0,0.0155938688263792,0.0155938688263792,0,5.5138472484178e-06,0.00633524807689207,0.000108968959028691,0.000108968959028691,0,0,0,0.00016675480521883,0.00180143134310092,0.000288229014896147,0.000188339724504725,0.000150448739226734,0,1.482214149602,0,0.0193378545631466
859,"DTXSID8020462",340,0,0,0,0,0,0,0,0,0,0,0.0126960443547168,0.0126960443547168,0,5.40245977953184e-06,0.00515796249653539,0.000102553598458059,0.000102553598458059,0,0,0,0.000163386123635707,0.0016334840081003,0.000261357441296048,0.000153340362336647,0.000122490697311923,0,1.45227133924967,0,0.0189472027049379
859,"DTXSID8020462",341,0,0,0,0,0,0,0,0,0,0,0.0114783552847867,0.0114783552847867,0,5.28882326475826e-06,0.00466325765937031,9.44148203552601e-05,9.44148203552601e-05,0,0,0,0.000159949424352416,0.00149645976973832,0.000239433563158131,0.000138633349823172,0.000110742504007176,0,1.42293341577689,0,0.018564442563663
859,"DTXSID8020462",342,0,0,0,0.0121702578485436,1.08394181728741,0.109532320636892,0.0175251713019028,0.328596961910677,0.262488430219384,2318.793621678,0.0411231968845675,0.0411231968845675,0,6.81516169453894e-06,0.0167069286576206,0.000289012950701812,0.000289012950701812,0,0,0,0.00219305078312731,0.00654841102659905,0.00104774576425585,0.000496677999425714,0.000396754211103141,0,2.73954540124154,2263.8377423699,23.2081615893174
859,"DTXSID8020462",343,0,0,0,0,0,0,0,0,0,0,0.0445095899276884,0.0445095899276884,0,6.73266883557029e-06,0.0180827027040035,0.000193766810666723,0.000193766810666723,0,0,0,0.000203615569316504,0.00373715924606372,0.000597945479370196,0.000537578198081175,0.000429425934171754,0,1.79807892155429,0,0.0234524077852099
859,"DTXSID8020462",344,0,0,0,0,0,0,0,0,0,0,0.0212874987412451,0.0212874987412451,0,6.55193633637027e-06,0.00864837244457121,0.000134327494050006,0.000134327494050006,0,0,0,0.000198507353189687,0.00228613220864107,0.000365781153382571,0.000257106282793564,0.000205380549404984,0,1.76126981897193,0,0.0229785821535192
859,"DTXSID8020462",345,0,0,0,0,0,0,0,0,0,0,0.0204260035405165,0.0204260035405165,0,6.41957800797812e-06,0.00829837682293079,0.000125352119949785,0.000125352119949785,0,0,0,0.000194146742207023,0.00215050672433846,0.000344081075894153,0.000246701310777069,0.000197068893827874,0,1.72568969164487,0,0.0225143824778022
859,"DTXSID8020462",346,0,0,0,0,0,0,0,0,0,0,0.0154365471236882,0.0154365471236882,0,6.28454720702564e-06,0.00627133372532714,0.000117485762871874,0.000117485762871874,0,0,0,0.000190063017378078,0.00189924721755686,0.000303879554809097,0.00018643962347955,0.000148930908591733,0,1.6908283329284,0,0.0220595602883677
859,"DTXSID8020462",347,0,0,0,0,0,0,0,0,0,0,0.0225970139954725,0.0225970139954725,0,6.16807155977773e-06,0.00918038307569637,0.000127478677393658,0.000127478677393658,0,0,0,0.000186540454457037,0.00224549819634489,0.000359279711415183,0.000272922354158658,0.000218014676393626,0,1.65667122268571,0,0.0216139261468046
859,"DTXSID8020462",348,0,0,0,0,0,0,0,0,0,0,0.0190721387797914,0.0190721387797914,0,6.08472018635237e-06,0.00774834852544721,0.000116451767541723,0.000116451767541723,0,0,0,0.000184019666082956,0.00200083797873113,0.000320134076596981,0.000230349594670526,0.00018400688538068,0,1.6232041341072,0,0.0211772944416243
859,"DTXSID8020462",349,0,0,0,0.0121702578485436,1.08394181728741,0.109532320636892,0.0175251713019028,0.328596961910677,0.262488430219384,2318.793621678,0.0498640308259758,0.0498640308259758,0,7.54952831963893e-06,0.0202580263380156,0.000323438018787738,0.000323438018787738,0,0,0,0.00221531689857834,0.00737825614292328,0.00118052098286773,0.000602248097186286,0.000481085268451176,0,2.95423677930958,2263.8377423699,23.2109585930842
859,"DTXSID8020462",350,0,0,0,0,0,0,0,0,0,0,0.0527110200159165,0.0527110200159165,0,7.45772798716913e-06,0.0214146593064803,0.00021453198955535,0.00021453198955535,0,0,0,0.000225543470498694,0.004246424411234,0.00067942790579744,0.000636633480677155,0.0005085528545254,0,1.98966469511168,0,0.0259559393510013
859,"DTXSID8020462",351,0,0,0,0,0,0,0,0,0,0,0.0228793830830004,0.0228793830830004,0,7.30707139529901e-06,0.00929509984282144,0.000147352932702454,0.000147352932702454,0,0,0,0.000220987127924666,0.00249341076400087,0.000398945722240139,0.00027633275325498,0.000220738956922605,0,1.94928741730294,0,0.025431572480736
859,"DTXSID8020462",352,0,0,0,0,0,0,0,0,0,0,0.0218459452711789,0.0218459452711789,0,7.11091956903465e-06,0.00887524990161541,0.000146049591329651,0.000146049591329651,0,0,0,0.000215054925216037,0.00244541951140179,0.000391267121824286,0.000263851091716185,0.000210768409036839,0,1.90990907006871,0,0.0249178189506156
859,"DTXSID8020462",353,0,0,0,0,0,0,0,0,0,0,0.0201214470721353,0.0201214470721353,0,7.01482715073955e-06,0.00817464609246873,0.000139662127525375,0.000139662127525375,0,0,0,0.000212148810524447,0.00231307599151604,0.000370092158642567,0.000243022936796263,0.000194130550739224,0,1.87132622082886,0,0.0244144439643274
859,"DTXSID8020462",354,0,0,0,0,0,0,0,0,0,0,0.0172633449891887,0.0172633449891887,0,6.8207179408764e-06,0.0070134983409936,0.000132163938562292,0.000132163938562292,0,0,0,0.000206278382486892,0.00213286915760626,0.000341259065217002,0.000208503333938123,0.000166555748119799,0,1.83352279940512,0,0.0239212378606899
859,"DTXSID8020462",355,0,0,0,0,0,0,0,0,0,0,0.019012520598065,0.019012520598065,0,6.68292984606887e-06,0.00772412772589224,0.000129435711870136,0.000129435711870136,0,0,0,0.000202111269058478,0.00215523780982443,0.00034483804957191,0.000229629537829799,0.000183431692631812,0,1.79648306025946,0,0.0234379952139724
859,"DTXSID8020462",356,0,0,0,0,0,0,0,0,0,0,0.0463921939928697,0.0463921939928697,0,6.59822938402944e-06,0.0188475394431271,0.000188120297360999,0.000188120297360999,0,0,0,0.000199549680314179,0.00372816504978962,0.00059650640796634,0.000560315925000354,0.000447589188667681,0,1.76019157593584,0,0.022964514748333
859,"DTXSID8020462",357,0,0,0,0,0,0,0,0,0,0,0.0482734999024073,0.0482734999024073,0,6.46493587096977e-06,0.0196118487866354,0.000187149687117594,0.000187149687117594,0,0,0,0.000195518496132648,0.00377673106642004,0.000604276970627207,0.000583037973047343,0.000465739918633483,0,1.72463323063453,0,0.0225005992539847
859,"DTXSID8020462",358,0,0,0,0,0,0,0,0,0,0,0.0151937713205498,0.0151937713205498,0,6.28604285382714e-06,0.00617270233647346,0.000121393238086699,0.000121393238086699,0,0,0,0.000190108250094877,0.00193834082029634,0.000310134531247414,0.000183507424396143,0.00014658862176711,0,1.68979321391624,0,0.0220460555050555
859,"DTXSID8020462",359,0,0,0,0,0,0,0,0,0,0,0.0147676957272026,0.0147676957272026,0,6.15905594772498e-06,0.00599960260006953,0.000113976351205673,0.000113976351205673,0,0,0,0.00018626779608185,0.00183615093635582,0.000293784149816931,0.000178361365982887,0.000142477869230451,0,1.65565701453335,0,0.021600694179108
859,"DTXSID8020462",360,0,0,0,0,0,0,0,0,0,0,0.0198705653183955,0.0198705653183955,0,6.03976805049322e-06,0.00807272153701662,0.000117616522161552,0.000117616522161552,0,0,0,0.000182660182527892,0.00204131399706964,0.000326610239531142,0.00023999283561299,0.000191710058174782,0,1.62221041438586,0,0.021164329778284
859,"DTXSID8020462",361,0,0,0,0,0,0,0,0,0,0,0.0141870837953379,0.0141870837953379,0,5.90770054332259e-06,0.00576372010896227,0.00010783857860414,0.00010783857860414,0,0,0,0.000178666076336377,0.00174295792271263,0.000278873267634021,0.000171348847632946,0.000136876159090292,0,1.5894394825994,0,0.0207367805520433
859,"DTXSID8020462",362,0,0,0,0,0,0,0,0,0,0,0.0149962214083893,0.0149962214083893,0,5.79328086906259e-06,0.00609244465859765,0.000112503734794269,0.000112503734794269,0,0,0,0.000175205692028504,0.00182501259725424,0.000292002015560678,0.000181121454856031,0.000144682671707519,0,1.55733056972283,0,0.0203178684214618
859,"DTXSID8020462",363,0,0,0,0.0121702578485436,1.08394181728741,0.109532320636892,0.0175251713019028,0.328596961910677,0.262488430219384,2318.793621678,0.0474267350897362,0.0474267350897362,0,7.30460383616641e-06,0.0192678376107827,0.00031424255712845,0.00031424255712845,0,0,0,0.00220789074842474,0.00718656269738349,0.00114985003158136,0.000572810911802029,0.000457570380983376,0,2.87122754366666,2263.8377423699,23.2098795935069
859,"DTXSID8020462",364,0,0,0,0,0,0,0,0,0,0,0.0509139339039336,0.0509139339039336,0,7.22204632081598e-06,0.0206845655458037,0.000205974233566043,0.000205974233566043,0,0,0,0.000218415849892535,0.00408583264354189,0.000653733222966703,0.000614928623017357,0.00049121467226672,0,1.9271008995096,0,0.0251357058739638
859,"DTXSID8020913",1,0,0,0,0,0,0,0,0,0,0,0,0,0,0,0,0,0,0,0,0,0,0,0,0,0,0,0,0,0
859,"DTXSID8020913",2,0,0,0,0,0,0,0,0,0,0,0,0,0,0,0,0,0,0,0,0,0,0,0,0,0,0,0,0,0
859,"DTXSID8020913",3,0,0,0,0,0,0,0,0,0,0,0,0,0,0,0,0,0,0,0,0,0,0,0,0,0,0,0,0,0
859,"DTXSID8020913",4,0,0,0,0,0,0,0,0,0,0,0,0,0,0,0,0,0,0,0,0,0,0,0,0,0,0,0,0,0
859,"DTXSID8020913",5,0,0,0,0,0,0,0,0,0,0,0,0,0,0,0,0,0,0,0,0,0,0,0,0,0,0,0,0,0
859,"DTXSID8020913",6,0,0,0,0,0,0,0,0,0,0,0,0,0,0,0,0,0,0,0,0,0,0,0,0,0,0,0,0,0
859,"DTXSID8020913",7,0,0,0,0,0,0,0,0,0,0,0,0,0,0,0,0,0,0,0,0,0,0,0,0,0,0,0,0,0
859,"DTXSID8020913",8,0,0,0,0,0,0,0,0,0,0,0,0,0,0,0,0,0,0,0,0,0,0,0,0,0,0,0,0,0
859,"DTXSID8020913",9,0,0,0,0,0,0,0,0,0,0,0,0,0,0,0,0,0,0,0,0,0,0,0,0,0,0,0,0,0
859,"DTXSID8020913",10,0,0,0,0,0,0,0,0,0,0,0,0,0,0,0,0,0,0,0,0,0,0,0,0,0,0,0,0,0
859,"DTXSID8020913",11,0,0,0,0,0,0,0,0,0,0,0,0,0,0,0,0,0,0,0,0,0,0,0,0,0,0,0,0,0
859,"DTXSID8020913",12,0,0,0,0,0,0,0,0,0,0,0,0,0,0,0,0,0,0,0,0,0,0,0,0,0,0,0,0,0
859,"DTXSID8020913",13,0,0,0,0,0,0,0,0,0,0,0,0,0,0,0,0,0,0,0,0,0,0,0,0,0,0,0,0,0
859,"DTXSID8020913",14,0,0,0,0,0,0,0,0,0,0,0,0,0,0,0,0,0,0,0,0,0,0,0,0,0,0,0,0,0
859,"DTXSID8020913",15,0,0,0,0,0,0,0,0,0,0,0,0,0,0,0,0,0,0,0,0,0,0,0,0,0,0,0,0,0
859,"DTXSID8020913",16,0,0,0,0,0,0,0,0,0,0,0,0,0,0,0,0,0,0,0,0,0,0,0,0,0,0,0,0,0
859,"DTXSID8020913",17,0,0,0,0,0,0,0,0,0,0,0,0,0,0,0,0,0,0,0,0,0,0,0,0,0,0,0,0,0
859,"DTXSID8020913",18,0,0,0,0,0,0,0,0,0,0,0,0,0,0,0,0,0,0,0,0,0,0,0,0,0,0,0,0,0
859,"DTXSID8020913",19,0,0,0,0,0,0,0,0,0,0,0,0,0,0,0,0,0,0,0,0,0,0,0,0,0,0,0,0,0
859,"DTXSID8020913",20,0,0,0,0,0,0,0,0,0,0,0,0,0,0,0,0,0,0,0,0,0,0,0,0,0,0,0,0,0
859,"DTXSID8020913",21,0,0,0,0,0,0,0,0,0,0,0,0,0,0,0,0,0,0,0,0,0,0,0,0,0,0,0,0,0
859,"DTXSID8020913",22,0,0,0,0,0,0,0,0,0,0,0,0,0,0,0,0,0,0,0,0,0,0,0,0,0,0,0,0,0
859,"DTXSID8020913",23,0,0,0,0,0,0,0,0,0,0,0,0,0,0,0,0,0,0,0,0,0,0,0,0,0,0,0,0,0
859,"DTXSID8020913",24,0,0,0,0,0,0,0,0,0,0,0,0,0,0,0,0,0,0,0,0,0,0,0,0,0,0,0,0,0
859,"DTXSID8020913",25,0,0,0,0,0,0,0,0,0,0,0,0,0,0,0,0,0,0,0,0,0,0,0,0,0,0,0,0,0
859,"DTXSID8020913",26,0,0,0,0,0,0,0,0,0,0,0,0,0,0,0,0,0,0,0,0,0,0,0,0,0,0,0,0,0
859,"DTXSID8020913",27,0,0,0,0,0,0,0,0,0,0,0,0,0,0,0,0,0,0,0,0,0,0,0,0,0,0,0,0,0
859,"DTXSID8020913",28,0,0,0,0,0,0,0,0,0,0,0,0,0,0,0,0,0,0,0,0,0,0,0,0,0,0,0,0,0
859,"DTXSID8020913",29,0,0,0,0,0,0,0,0,0,0,0,0,0,0,0,0,0,0,0,0,0,0,0,0,0,0,0,0,0
859,"DTXSID8020913",30,0,0,0,0,0,0,0,0,0,0,0,0,0,0,0,0,0,0,0,0,0,0,0,0,0,0,0,0,0
859,"DTXSID8020913",31,0,0,0,0,0,0,0,0,0,0,0,0,0,0,0,0,0,0,0,0,0,0,0,0,0,0,0,0,0
859,"DTXSID8020913",32,0,0,0,0,0,0,0,0,0,0,0,0,0,0,0,0,0,0,0,0,0,0,0,0,0,0,0,0,0
859,"DTXSID8020913",33,0,0,0,0,0,0,0,0,0,0,0,0,0,0,0,0,0,0,0,0,0,0,0,0,0,0,0,0,0
859,"DTXSID8020913",34,0,0,0,0,0,0,0,0,0,0,0,0,0,0,0,0,0,0,0,0,0,0,0,0,0,0,0,0,0
859,"DTXSID8020913",35,0,0,0,0,0,0,0,0,0,0,0,0,0,0,0,0,0,0,0,0,0,0,0,0,0,0,0,0,0
859,"DTXSID8020913",36,0,0,0,0,0,0,0,0,0,0,0,0,0,0,0,0,0,0,0,0,0,0,0,0,0,0,0,0,0
859,"DTXSID8020913",37,0,0,0,0,0,0,0,0,0,0,0,0,0,0,0,0,0,0,0,0,0,0,0,0,0,0,0,0,0
859,"DTXSID8020913",38,0,0,0,0,0,0,0,0,0,0,0,0,0,0,0,0,0,0,0,0,0,0,0,0,0,0,0,0,0
859,"DTXSID8020913",39,0,0,0,0,0,0,0,0,0,0,0,0,0,0,0,0,0,0,0,0,0,0,0,0,0,0,0,0,0
859,"DTXSID8020913",40,0,0,0,0,0,0,0,0,0,0,0,0,0,0,0,0,0,0,0,0,0,0,0,0,0,0,0,0,0
859,"DTXSID8020913",41,0,0,0,0,0,0,0,0,0,0,0,0,0,0,0,0,0,0,0,0,0,0,0,0,0,0,0,0,0
859,"DTXSID8020913",42,0,0,0,0,0,0,0,0,0,0,0,0,0,0,0,0,0,0,0,0,0,0,0,0,0,0,0,0,0
859,"DTXSID8020913",43,0,0,0,0,0,0,0,0,0,0,0,0,0,0,0,0,0,0,0,0,0,0,0,0,0,0,0,0,0
859,"DTXSID8020913",44,0,0,0,0,0,0,0,0,0,0,0,0,0,0,0,0,0,0,0,0,0,0,0,0,0,0,0,0,0
859,"DTXSID8020913",45,0,0,0,0,0,0,0,0,0,0,0,0,0,0,0,0,0,0,0,0,0,0,0,0,0,0,0,0,0
859,"DTXSID8020913",46,0,0,0,0,0,0,0,0,0,0,0,0,0,0,0,0,0,0,0,0,0,0,0,0,0,0,0,0,0
859,"DTXSID8020913",47,0,0,0,0,0,0,0,0,0,0,0,0,0,0,0,0,0,0,0,0,0,0,0,0,0,0,0,0,0
859,"DTXSID8020913",48,0,0,0,0,0,0,0,0,0,0,0,0,0,0,0,0,0,0,0,0,0,0,0,0,0,0,0,0,0
859,"DTXSID8020913",49,0,0,0,0,0,0,0,0,0,0,0,0,0,0,0,0,0,0,0,0,0,0,0,0,0,0,0,0,0
859,"DTXSID8020913",50,0,0,0,0,0,0,0,0,0,0,0,0,0,0,0,0,0,0,0,0,0,0,0,0,0,0,0,0,0
859,"DTXSID8020913",51,0,0,0,0,0,0,0,0,0,0,0,0,0,0,0,0,0,0,0,0,0,0,0,0,0,0,0,0,0
859,"DTXSID8020913",52,0,0,0,0,0,0,0,0,0,0,0,0,0,0,0,0,0,0,0,0,0,0,0,0,0,0,0,0,0
859,"DTXSID8020913",53,0,0,0,0,0,0,0,0,0,0,0,0,0,0,0,0,0,0,0,0,0,0,0,0,0,0,0,0,0
859,"DTXSID8020913",54,0,0,0,0,0,0,0,0,0,0,0,0,0,0,0,0,0,0,0,0,0,0,0,0,0,0,0,0,0
859,"DTXSID8020913",55,0,0,0,0,0,0,0,0,0,0,0,0,0,0,0,0,0,0,0,0,0,0,0,0,0,0,0,0,0
859,"DTXSID8020913",56,0,0,0,0,0,0,0,0,0,0,0,0,0,0,0,0,0,0,0,0,0,0,0,0,0,0,0,0,0
859,"DTXSID8020913",57,0,0,0,0,0,0,0,0,0,0,0,0,0,0,0,0,0,0,0,0,0,0,0,0,0,0,0,0,0
859,"DTXSID8020913",58,0,0,0,0,0,0,0,0,0,0,0,0,0,0,0,0,0,0,0,0,0,0,0,0,0,0,0,0,0
859,"DTXSID8020913",59,0,0,0,0,0,0,0,0,0,0,0,0,0,0,0,0,0,0,0,0,0,0,0,0,0,0,0,0,0
859,"DTXSID8020913",60,0,0,0,0,0,0,0,0,0,0,0,0,0,0,0,0,0,0,0,0,0,0,0,0,0,0,0,0,0
859,"DTXSID8020913",61,0,0,0,0,0,0,0,0,0,0,0,0,0,0,0,0,0,0,0,0,0,0,0,0,0,0,0,0,0
859,"DTXSID8020913",62,0,0,0,0,0,0,0,0,0,0,0,0,0,0,0,0,0,0,0,0,0,0,0,0,0,0,0,0,0
859,"DTXSID8020913",63,0,0,0,0,0,0,0,0,0,0,0,0,0,0,0,0,0,0,0,0,0,0,0,0,0,0,0,0,0
859,"DTXSID8020913",64,0,0,0,0,0,0,0,0,0,0,0,0,0,0,0,0,0,0,0,0,0,0,0,0,0,0,0,0,0
859,"DTXSID8020913",65,0,0,0,0,0,0,0,0,0,0,0,0,0,0,0,0,0,0,0,0,0,0,0,0,0,0,0,0,0
859,"DTXSID8020913",66,0,0,0,0,0,0,0,0,0,0,0,0,0,0,0,0,0,0,0,0,0,0,0,0,0,0,0,0,0
859,"DTXSID8020913",67,0,0,0,0,0,0,0,0,0,0,0,0,0,0,0,0,0,0,0,0,0,0,0,0,0,0,0,0,0
859,"DTXSID8020913",68,0,0,0,0,0,0,0,0,0,0,0,0,0,0,0,0,0,0,0,0,0,0,0,0,0,0,0,0,0
859,"DTXSID8020913",69,0,0,0,0,0,0,0,0,0,0,0,0,0,0,0,0,0,0,0,0,0,0,0,0,0,0,0,0,0
859,"DTXSID8020913",70,0,0,0,0,0,0,0,0,0,0,0,0,0,0,0,0,0,0,0,0,0,0,0,0,0,0,0,0,0
859,"DTXSID8020913",71,0,0,0,0,0,0,0,0,0,0,0,0,0,0,0,0,0,0,0,0,0,0,0,0,0,0,0,0,0
859,"DTXSID8020913",72,0,0,0,0,0,0,0,0,0,0,0,0,0,0,0,0,0,0,0,0,0,0,0,0,0,0,0,0,0
859,"DTXSID8020913",73,0,0,0,0,0,0,0,0,0,0,0,0,0,0,0,0,0,0,0,0,0,0,0,0,0,0,0,0,0
859,"DTXSID8020913",74,0,0,0,0,0,0,0,0,0,0,0,0,0,0,0,0,0,0,0,0,0,0,0,0,0,0,0,0,0
859,"DTXSID8020913",75,0,0,0,0,0,0,0,0,0,0,0,0,0,0,0,0,0,0,0,0,0,0,0,0,0,0,0,0,0
859,"DTXSID8020913",76,0,0,0,0,0,0,0,0,0,0,0,0,0,0,0,0,0,0,0,0,0,0,0,0,0,0,0,0,0
859,"DTXSID8020913",77,0,0,0,0,0,0,0,0,0,0,0,0,0,0,0,0,0,0,0,0,0,0,0,0,0,0,0,0,0
859,"DTXSID8020913",78,0,0,0,0,0,0,0,0,0,0,0,0,0,0,0,0,0,0,0,0,0,0,0,0,0,0,0,0,0
859,"DTXSID8020913",79,0,0,0,0,0,0,0,0,0,0,0,0,0,0,0,0,0,0,0,0,0,0,0,0,0,0,0,0,0
859,"DTXSID8020913",80,0,0,0,0,0,0,0,0,0,0,0,0,0,0,0,0,0,0,0,0,0,0,0,0,0,0,0,0,0
859,"DTXSID8020913",81,0,0,0,0,0,0,0,0,0,0,0,0,0,0,0,0,0,0,0,0,0,0,0,0,0,0,0,0,0
859,"DTXSID8020913",82,0,0,0,0,0,0,0,0,0,0,0,0,0,0,0,0,0,0,0,0,0,0,0,0,0,0,0,0,0
859,"DTXSID8020913",83,0,0,0,0,0,0,0,0,0,0,0,0,0,0,0,0,0,0,0,0,0,0,0,0,0,0,0,0,0
859,"DTXSID8020913",84,0,0,0,0,0,0,0,0,0,0,0,0,0,0,0,0,0,0,0,0,0,0,0,0,0,0,0,0,0
859,"DTXSID8020913",85,0,0,0,0,0,0,0,0,0,0,0,0,0,0,0,0,0,0,0,0,0,0,0,0,0,0,0,0,0
859,"DTXSID8020913",86,0,0,0,0,0,0,0,0,0,0,0,0,0,0,0,0,0,0,0,0,0,0,0,0,0,0,0,0,0
859,"DTXSID8020913",87,0,0,0,0,0,0,0,0,0,0,0,0,0,0,0,0,0,0,0,0,0,0,0,0,0,0,0,0,0
859,"DTXSID8020913",88,0,0,0,0,0,0,0,0,0,0,0,0,0,0,0,0,0,0,0,0,0,0,0,0,0,0,0,0,0
859,"DTXSID8020913",89,0,0,0,0,0,0,0,0,0,0,0,0,0,0,0,0,0,0,0,0,0,0,0,0,0,0,0,0,0
859,"DTXSID8020913",90,0,0,0,0,0,0,0,0,0,0,0,0,0,0,0,0,0,0,0,0,0,0,0,0,0,0,0,0,0
859,"DTXSID8020913",91,0,0,0,0,0,0,0,0,0,0,0,0,0,0,0,0,0,0,0,0,0,0,0,0,0,0,0,0,0
859,"DTXSID8020913",92,0,0,0,0,0,0,0,0,0,0,0,0,0,0,0,0,0,0,0,0,0,0,0,0,0,0,0,0,0
859,"DTXSID8020913",93,0,0,0,0,0,0,0,0,0,0,0,0,0,0,0,0,0,0,0,0,0,0,0,0,0,0,0,0,0
859,"DTXSID8020913",94,0,0,0,0,0,0,0,0,0,0,0,0,0,0,0,0,0,0,0,0,0,0,0,0,0,0,0,0,0
859,"DTXSID8020913",95,0,0,0,0,0,0,0,0,0,0,0,0,0,0,0,0,0,0,0,0,0,0,0,0,0,0,0,0,0
859,"DTXSID8020913",96,0,0,0,0,0,0,0,0,0,0,0,0,0,0,0,0,0,0,0,0,0,0,0,0,0,0,0,0,0
859,"DTXSID8020913",97,0,0,0,0,0,0,0,0,0,0,0,0,0,0,0,0,0,0,0,0,0,0,0,0,0,0,0,0,0
859,"DTXSID8020913",98,0,0,0,0,0,0,0,0,0,0,0,0,0,0,0,0,0,0,0,0,0,0,0,0,0,0,0,0,0
859,"DTXSID8020913",99,0,0,0,0,0,0,0,0,0,0,0,0,0,0,0,0,0,0,0,0,0,0,0,0,0,0,0,0,0
859,"DTXSID8020913",100,0,0,0,0,0,0,0,0,0,0,0,0,0,0,0,0,0,0,0,0,0,0,0,0,0,0,0,0,0
859,"DTXSID8020913",101,0,0,0,0,0,0,0,0,0,0,0,0,0,0,0,0,0,0,0,0,0,0,0,0,0,0,0,0,0
859,"DTXSID8020913",102,0,0,0,0,0,0,0,0,0,0,0,0,0,0,0,0,0,0,0,0,0,0,0,0,0,0,0,0,0
859,"DTXSID8020913",103,0,0,0,0,0,0,0,0,0,0,0,0,0,0,0,0,0,0,0,0,0,0,0,0,0,0,0,0,0
859,"DTXSID8020913",104,0,0,0,0,0,0,0,0,0,0,0,0,0,0,0,0,0,0,0,0,0,0,0,0,0,0,0,0,0
859,"DTXSID8020913",105,0,0,0,0,0,0,0,0,0,0,0,0,0,0,0,0,0,0,0,0,0,0,0,0,0,0,0,0,0
859,"DTXSID8020913",106,0,0,0,0,0,0,0,0,0,0,0,0,0,0,0,0,0,0,0,0,0,0,0,0,0,0,0,0,0
859,"DTXSID8020913",107,0,0,0,0,0,0,0,0,0,0,0,0,0,0,0,0,0,0,0,0,0,0,0,0,0,0,0,0,0
859,"DTXSID8020913",108,0,0,0,0,0,0,0,0,0,0,0,0,0,0,0,0,0,0,0,0,0,0,0,0,0,0,0,0,0
859,"DTXSID8020913",109,0,0,0,0,0,0,0,0,0,0,0,0,0,0,0,0,0,0,0,0,0,0,0,0,0,0,0,0,0
859,"DTXSID8020913",110,0,0,0,0,0,0,0,0,0,0,0,0,0,0,0,0,0,0,0,0,0,0,0,0,0,0,0,0,0
859,"DTXSID8020913",111,0,0,0,0,0,0,0,0,0,0,0,0,0,0,0,0,0,0,0,0,0,0,0,0,0,0,0,0,0
859,"DTXSID8020913",112,0,0,0,0,0,0,0,0,0,0,0,0,0,0,0,0,0,0,0,0,0,0,0,0,0,0,0,0,0
859,"DTXSID8020913",113,0,0,0,0,0,0,0,0,0,0,0,0,0,0,0,0,0,0,0,0,0,0,0,0,0,0,0,0,0
859,"DTXSID8020913",114,0,0,0,0,0,0,0,0,0,0,0,0,0,0,0,0,0,0,0,0,0,0,0,0,0,0,0,0,0
859,"DTXSID8020913",115,0,0,0,0,0,0,0,0,0,0,0,0,0,0,0,0,0,0,0,0,0,0,0,0,0,0,0,0,0
859,"DTXSID8020913",116,0,0,0,0,0,0,0,0,0,0,0,0,0,0,0,0,0,0,0,0,0,0,0,0,0,0,0,0,0
859,"DTXSID8020913",117,0,0,0,0,0,0,0,0,0,0,0,0,0,0,0,0,0,0,0,0,0,0,0,0,0,0,0,0,0
859,"DTXSID8020913",118,0,0,0,0,0,0,0,0,0,0,0,0,0,0,0,0,0,0,0,0,0,0,0,0,0,0,0,0,0
859,"DTXSID8020913",119,0,0,0,0,0,0,0,0,0,0,0,0,0,0,0,0,0,0,0,0,0,0,0,0,0,0,0,0,0
859,"DTXSID8020913",120,0,0,0,0,0,0,0,0,0,0,0,0,0,0,0,0,0,0,0,0,0,0,0,0,0,0,0,0,0
859,"DTXSID8020913",121,0,0,0,0,0,0,0,0,0,0,0,0,0,0,0,0,0,0,0,0,0,0,0,0,0,0,0,0,0
859,"DTXSID8020913",122,0,0,0,0,0,0,0,0,0,0,0,0,0,0,0,0,0,0,0,0,0,0,0,0,0,0,0,0,0
859,"DTXSID8020913",123,0,0,0,0,0,0,0,0,0,0,0,0,0,0,0,0,0,0,0,0,0,0,0,0,0,0,0,0,0
859,"DTXSID8020913",124,0,0,0,0,0,0,0,0,0,0,0,0,0,0,0,0,0,0,0,0,0,0,0,0,0,0,0,0,0
859,"DTXSID8020913",125,0,0,0,0,0,0,0,0,0,0,0,0,0,0,0,0,0,0,0,0,0,0,0,0,0,0,0,0,0
859,"DTXSID8020913",126,0,0,0,0,0,0,0,0,0,0,0,0,0,0,0,0,0,0,0,0,0,0,0,0,0,0,0,0,0
859,"DTXSID8020913",127,0,0,0,0,0,0,0,0,0,0,0,0,0,0,0,0,0,0,0,0,0,0,0,0,0,0,0,0,0
859,"DTXSID8020913",128,0,0,0,0,0,0,0,0,0,0,0,0,0,0,0,0,0,0,0,0,0,0,0,0,0,0,0,0,0
859,"DTXSID8020913",129,0,0,0,0,0,0,0,0,0,0,0,0,0,0,0,0,0,0,0,0,0,0,0,0,0,0,0,0,0
859,"DTXSID8020913",130,0,0,0,0,0,0,0,0,0,0,0,0,0,0,0,0,0,0,0,0,0,0,0,0,0,0,0,0,0
859,"DTXSID8020913",131,0,0,0,0,0,0,0,0,0,0,0,0,0,0,0,0,0,0,0,0,0,0,0,0,0,0,0,0,0
859,"DTXSID8020913",132,0,0,0,0,0,0,0,0,0,0,0,0,0,0,0,0,0,0,0,0,0,0,0,0,0,0,0,0,0
859,"DTXSID8020913",133,0,0,0,0,0,0,0,0,0,0,0,0,0,0,0,0,0,0,0,0,0,0,0,0,0,0,0,0,0
859,"DTXSID8020913",134,0,0,0,0,0,0,0,0,0,0,0,0,0,0,0,0,0,0,0,0,0,0,0,0,0,0,0,0,0
859,"DTXSID8020913",135,0,0,0,0,0,0,0,0,0,0,0,0,0,0,0,0,0,0,0,0,0,0,0,0,0,0,0,0,0
859,"DTXSID8020913",136,0,0,0,0,0,0,0,0,0,0,0,0,0,0,0,0,0,0,0,0,0,0,0,0,0,0,0,0,0
859,"DTXSID8020913",137,0,0,0,0,0,0,0,0,0,0,0,0,0,0,0,0,0,0,0,0,0,0,0,0,0,0,0,0,0
859,"DTXSID8020913",138,0,0,0,0,0,0,0,0,0,0,0,0,0,0,0,0,0,0,0,0,0,0,0,0,0,0,0,0,0
859,"DTXSID8020913",139,0,0,0,0,0,0,0,0,0,0,0,0,0,0,0,0,0,0,0,0,0,0,0,0,0,0,0,0,0
859,"DTXSID8020913",140,0,0,0,0,0,0,0,0,0,0,0,0,0,0,0,0,0,0,0,0,0,0,0,0,0,0,0,0,0
859,"DTXSID8020913",141,0,0,0,0,0,0,0,0,0,0,0,0,0,0,0,0,0,0,0,0,0,0,0,0,0,0,0,0,0
859,"DTXSID8020913",142,0,0,0,0,0,0,0,0,0,0,0,0,0,0,0,0,0,0,0,0,0,0,0,0,0,0,0,0,0
859,"DTXSID8020913",143,0,0,0,0,0,0,0,0,0,0,0,0,0,0,0,0,0,0,0,0,0,0,0,0,0,0,0,0,0
859,"DTXSID8020913",144,0,0,0,0,0,0,0,0,0,0,0,0,0,0,0,0,0,0,0,0,0,0,0,0,0,0,0,0,0
859,"DTXSID8020913",145,0,0,0,0,0,0,0,0,0,0,0,0,0,0,0,0,0,0,0,0,0,0,0,0,0,0,0,0,0
859,"DTXSID8020913",146,0,0,0,0,0,0,0,0,0,0,0,0,0,0,0,0,0,0,0,0,0,0,0,0,0,0,0,0,0
859,"DTXSID8020913",147,0,0,0,0,0,0,0,0,0,0,0,0,0,0,0,0,0,0,0,0,0,0,0,0,0,0,0,0,0
859,"DTXSID8020913",148,0,0,0,0,0,0,0,0,0,0,0,0,0,0,0,0,0,0,0,0,0,0,0,0,0,0,0,0,0
859,"DTXSID8020913",149,0,0,0,0,0,0,0,0,0,0,0,0,0,0,0,0,0,0,0,0,0,0,0,0,0,0,0,0,0
859,"DTXSID8020913",150,0,0,0,0,0,0,0,0,0,0,0,0,0,0,0,0,0,0,0,0,0,0,0,0,0,0,0,0,0
859,"DTXSID8020913",151,0,0,0,0,0,0,0,0,0,0,0,0,0,0,0,0,0,0,0,0,0,0,0,0,0,0,0,0,0
859,"DTXSID8020913",152,0,0,0,0,0,0,0,0,0,0,0,0,0,0,0,0,0,0,0,0,0,0,0,0,0,0,0,0,0
859,"DTXSID8020913",153,0,0,0,0,0,0,0,0,0,0,0,0,0,0,0,0,0,0,0,0,0,0,0,0,0,0,0,0,0
859,"DTXSID8020913",154,0,0,0,0,0,0,0,0,0,0,0,0,0,0,0,0,0,0,0,0,0,0,0,0,0,0,0,0,0
859,"DTXSID8020913",155,0,0,0,0,0,0,0,0,0,0,0,0,0,0,0,0,0,0,0,0,0,0,0,0,0,0,0,0,0
859,"DTXSID8020913",156,0,0,0,0,0,0,0,0,0,0,0,0,0,0,0,0,0,0,0,0,0,0,0,0,0,0,0,0,0
859,"DTXSID8020913",157,0,0,0,0,0,0,0,0,0,0,0,0,0,0,0,0,0,0,0,0,0,0,0,0,0,0,0,0,0
859,"DTXSID8020913",158,0,0,0,0,0,0,0,0,0,0,0,0,0,0,0,0,0,0,0,0,0,0,0,0,0,0,0,0,0
859,"DTXSID8020913",159,0,0,0,0,0,0,0,0,0,0,0,0,0,0,0,0,0,0,0,0,0,0,0,0,0,0,0,0,0
859,"DTXSID8020913",160,0,0,0,0,0,0,0,0,0,0,0,0,0,0,0,0,0,0,0,0,0,0,0,0,0,0,0,0,0
859,"DTXSID8020913",161,0,0,0,0,0,0,0,0,0,0,0,0,0,0,0,0,0,0,0,0,0,0,0,0,0,0,0,0,0
859,"DTXSID8020913",162,0,0,0,0,0,0,0,0,0,0,0,0,0,0,0,0,0,0,0,0,0,0,0,0,0,0,0,0,0
859,"DTXSID8020913",163,0,0,0,0,0,0,0,0,0,0,0,0,0,0,0,0,0,0,0,0,0,0,0,0,0,0,0,0,0
859,"DTXSID8020913",164,0,0,0,0,0,0,0,0,0,0,0,0,0,0,0,0,0,0,0,0,0,0,0,0,0,0,0,0,0
859,"DTXSID8020913",165,0,0,0,0,0,0,0,0,0,0,0,0,0,0,0,0,0,0,0,0,0,0,0,0,0,0,0,0,0
859,"DTXSID8020913",166,0,0,0,0,0,0,0,0,0,0,0,0,0,0,0,0,0,0,0,0,0,0,0,0,0,0,0,0,0
859,"DTXSID8020913",167,0,0,0,0,0,0,0,0,0,0,0,0,0,0,0,0,0,0,0,0,0,0,0,0,0,0,0,0,0
859,"DTXSID8020913",168,0,0,0,0,0,0,0,0,0,0,0,0,0,0,0,0,0,0,0,0,0,0,0,0,0,0,0,0,0
859,"DTXSID8020913",169,0,0,0,0,0,0,0,0,0,0,0,0,0,0,0,0,0,0,0,0,0,0,0,0,0,0,0,0,0
859,"DTXSID8020913",170,0,0,0,0,0,0,0,0,0,0,0,0,0,0,0,0,0,0,0,0,0,0,0,0,0,0,0,0,0
859,"DTXSID8020913",171,0,0,0,0,0,0,0,0,0,0,0,0,0,0,0,0,0,0,0,0,0,0,0,0,0,0,0,0,0
859,"DTXSID8020913",172,0,0,0,0,0,0,0,0,0,0,0,0,0,0,0,0,0,0,0,0,0,0,0,0,0,0,0,0,0
859,"DTXSID8020913",173,0,0,0,0,0,0,0,0,0,0,0,0,0,0,0,0,0,0,0,0,0,0,0,0,0,0,0,0,0
859,"DTXSID8020913",174,0,0,0,0,0,0,0,0,0,0,0,0,0,0,0,0,0,0,0,0,0,0,0,0,0,0,0,0,0
859,"DTXSID8020913",175,0,0,0,0,0,0,0,0,0,0,0,0,0,0,0,0,0,0,0,0,0,0,0,0,0,0,0,0,0
859,"DTXSID8020913",176,0,0,0,0,0,0,0,0,0,0,0,0,0,0,0,0,0,0,0,0,0,0,0,0,0,0,0,0,0
859,"DTXSID8020913",177,0,0,0,0,0,0,0,0,0,0,0,0,0,0,0,0,0,0,0,0,0,0,0,0,0,0,0,0,0
859,"DTXSID8020913",178,0,0,0,0,0,0,0,0,0,0,0,0,0,0,0,0,0,0,0,0,0,0,0,0,0,0,0,0,0
859,"DTXSID8020913",179,0,0,0,0,0,0,0,0,0,0,0,0,0,0,0,0,0,0,0,0,0,0,0,0,0,0,0,0,0
859,"DTXSID8020913",180,0,0,0,0,0,0,0,0,0,0,0,0,0,0,0,0,0,0,0,0,0,0,0,0,0,0,0,0,0
859,"DTXSID8020913",181,0,0,0,0,0,0,0,0,0,0,0,0,0,0,0,0,0,0,0,0,0,0,0,0,0,0,0,0,0
859,"DTXSID8020913",182,0,0,0,0,0,0,0,0,0,0,0,0,0,0,0,0,0,0,0,0,0,0,0,0,0,0,0,0,0
859,"DTXSID8020913",183,0,0,0,0,0,0,0,0,0,0,0,0,0,0,0,0,0,0,0,0,0,0,0,0,0,0,0,0,0
859,"DTXSID8020913",184,0,0,0,0,0,0,0,0,0,0,0,0,0,0,0,0,0,0,0,0,0,0,0,0,0,0,0,0,0
859,"DTXSID8020913",185,0,0,0,0,0,0,0,0,0,0,0,0,0,0,0,0,0,0,0,0,0,0,0,0,0,0,0,0,0
859,"DTXSID8020913",186,0,0,0,0,0,0,0,0,0,0,0,0,0,0,0,0,0,0,0,0,0,0,0,0,0,0,0,0,0
859,"DTXSID8020913",187,0,0,0,0,0,0,0,0,0,0,0,0,0,0,0,0,0,0,0,0,0,0,0,0,0,0,0,0,0
859,"DTXSID8020913",188,0,0,0,0,0,0,0,0,0,0,0,0,0,0,0,0,0,0,0,0,0,0,0,0,0,0,0,0,0
859,"DTXSID8020913",189,0,0,0,0,0,0,0,0,0,0,0,0,0,0,0,0,0,0,0,0,0,0,0,0,0,0,0,0,0
859,"DTXSID8020913",190,0,0,0,0,0,0,0,0,0,0,0,0,0,0,0,0,0,0,0,0,0,0,0,0,0,0,0,0,0
859,"DTXSID8020913",191,0,0,0,0,0,0,0,0,0,0,0,0,0,0,0,0,0,0,0,0,0,0,0,0,0,0,0,0,0
859,"DTXSID8020913",192,0,0,0,0,0,0,0,0,0,0,0,0,0,0,0,0,0,0,0,0,0,0,0,0,0,0,0,0,0
859,"DTXSID8020913",193,0,0,0,0,0,0,0,0,0,0,0,0,0,0,0,0,0,0,0,0,0,0,0,0,0,0,0,0,0
859,"DTXSID8020913",194,0,0,0,0,0,0,0,0,0,0,0,0,0,0,0,0,0,0,0,0,0,0,0,0,0,0,0,0,0
859,"DTXSID8020913",195,0,0,0,0,0,0,0,0,0,0,0,0,0,0,0,0,0,0,0,0,0,0,0,0,0,0,0,0,0
859,"DTXSID8020913",196,0,0,0,0,0,0,0,0,0,0,0,0,0,0,0,0,0,0,0,0,0,0,0,0,0,0,0,0,0
859,"DTXSID8020913",197,0,0,0,0,0,0,0,0,0,0,0,0,0,0,0,0,0,0,0,0,0,0,0,0,0,0,0,0,0
859,"DTXSID8020913",198,0,0,0,0,0,0,0,0,0,0,0,0,0,0,0,0,0,0,0,0,0,0,0,0,0,0,0,0,0
859,"DTXSID8020913",199,0,0,0,0,0,0,0,0,0,0,0,0,0,0,0,0,0,0,0,0,0,0,0,0,0,0,0,0,0
859,"DTXSID8020913",200,0,0,0,0,0,0,0,0,0,0,0,0,0,0,0,0,0,0,0,0,0,0,0,0,0,0,0,0,0
859,"DTXSID8020913",201,0,0,0,0,0,0,0,0,0,0,0,0,0,0,0,0,0,0,0,0,0,0,0,0,0,0,0,0,0
859,"DTXSID8020913",202,0,0,0,0,0,0,0,0,0,0,0,0,0,0,0,0,0,0,0,0,0,0,0,0,0,0,0,0,0
859,"DTXSID8020913",203,0,0,0,0,0,0,0,0,0,0,0,0,0,0,0,0,0,0,0,0,0,0,0,0,0,0,0,0,0
859,"DTXSID8020913",204,0,0,0,0,0,0,0,0,0,0,0,0,0,0,0,0,0,0,0,0,0,0,0,0,0,0,0,0,0
859,"DTXSID8020913",205,0,0,0,0,0,0,0,0,0,0,0,0,0,0,0,0,0,0,0,0,0,0,0,0,0,0,0,0,0
859,"DTXSID8020913",206,0,0,0,0,0,0,0,0,0,0,0,0,0,0,0,0,0,0,0,0,0,0,0,0,0,0,0,0,0
859,"DTXSID8020913",207,0,0,0,0,0,0,0,0,0,0,0,0,0,0,0,0,0,0,0,0,0,0,0,0,0,0,0,0,0
859,"DTXSID8020913",208,0,0,0,0,0,0,0,0,0,0,0,0,0,0,0,0,0,0,0,0,0,0,0,0,0,0,0,0,0
859,"DTXSID8020913",209,0,0,0,0,0,0,0,0,0,0,0,0,0,0,0,0,0,0,0,0,0,0,0,0,0,0,0,0,0
859,"DTXSID8020913",210,0,0,0,0,0,0,0,0,0,0,0,0,0,0,0,0,0,0,0,0,0,0,0,0,0,0,0,0,0
859,"DTXSID8020913",211,0,0,0,0,0,0,0,0,0,0,0,0,0,0,0,0,0,0,0,0,0,0,0,0,0,0,0,0,0
859,"DTXSID8020913",212,0,0,0,0,0,0,0,0,0,0,0,0,0,0,0,0,0,0,0,0,0,0,0,0,0,0,0,0,0
859,"DTXSID8020913",213,0,0,0,0,0,0,0,0,0,0,0,0,0,0,0,0,0,0,0,0,0,0,0,0,0,0,0,0,0
859,"DTXSID8020913",214,0,0,0,0,0,0,0,0,0,0,0,0,0,0,0,0,0,0,0,0,0,0,0,0,0,0,0,0,0
859,"DTXSID8020913",215,0,0,0,0,0,0,0,0,0,0,0,0,0,0,0,0,0,0,0,0,0,0,0,0,0,0,0,0,0
859,"DTXSID8020913",216,0,0,0,0,0,0,0,0,0,0,0,0,0,0,0,0,0,0,0,0,0,0,0,0,0,0,0,0,0
859,"DTXSID8020913",217,0,0,0,0,0,0,0,0,0,0,0,0,0,0,0,0,0,0,0,0,0,0,0,0,0,0,0,0,0
859,"DTXSID8020913",218,0,0,0,0,0,0,0,0,0,0,0,0,0,0,0,0,0,0,0,0,0,0,0,0,0,0,0,0,0
859,"DTXSID8020913",219,0,0,0,0,0,0,0,0,0,0,0,0,0,0,0,0,0,0,0,0,0,0,0,0,0,0,0,0,0
859,"DTXSID8020913",220,0,0,0,0,0,0,0,0,0,0,0,0,0,0,0,0,0,0,0,0,0,0,0,0,0,0,0,0,0
859,"DTXSID8020913",221,0,0,0,0,0,0,0,0,0,0,0,0,0,0,0,0,0,0,0,0,0,0,0,0,0,0,0,0,0
859,"DTXSID8020913",222,0,0,0,0,0,0,0,0,0,0,0,0,0,0,0,0,0,0,0,0,0,0,0,0,0,0,0,0,0
859,"DTXSID8020913",223,0,0,0,0,0,0,0,0,0,0,0,0,0,0,0,0,0,0,0,0,0,0,0,0,0,0,0,0,0
859,"DTXSID8020913",224,0,0,0,0,0,0,0,0,0,0,0,0,0,0,0,0,0,0,0,0,0,0,0,0,0,0,0,0,0
859,"DTXSID8020913",225,0,0,0,0,0,0,0,0,0,0,0,0,0,0,0,0,0,0,0,0,0,0,0,0,0,0,0,0,0
859,"DTXSID8020913",226,0,0,0,0,0,0,0,0,0,0,0,0,0,0,0,0,0,0,0,0,0,0,0,0,0,0,0,0,0
859,"DTXSID8020913",227,0,0,0,0,0,0,0,0,0,0,0,0,0,0,0,0,0,0,0,0,0,0,0,0,0,0,0,0,0
859,"DTXSID8020913",228,0,0,0,0,0,0,0,0,0,0,0,0,0,0,0,0,0,0,0,0,0,0,0,0,0,0,0,0,0
859,"DTXSID8020913",229,0,0,0,0,0,0,0,0,0,0,0,0,0,0,0,0,0,0,0,0,0,0,0,0,0,0,0,0,0
859,"DTXSID8020913",230,0,0,0,0,0,0,0,0,0,0,0,0,0,0,0,0,0,0,0,0,0,0,0,0,0,0,0,0,0
859,"DTXSID8020913",231,0,0,0,0,0,0,0,0,0,0,0,0,0,0,0,0,0,0,0,0,0,0,0,0,0,0,0,0,0
859,"DTXSID8020913",232,0,0,0,0,0,0,0,0,0,0,0,0,0,0,0,0,0,0,0,0,0,0,0,0,0,0,0,0,0
859,"DTXSID8020913",233,0,0,0,0,0,0,0,0,0,0,0,0,0,0,0,0,0,0,0,0,0,0,0,0,0,0,0,0,0
859,"DTXSID8020913",234,0,0,0,0,0,0,0,0,0,0,0,0,0,0,0,0,0,0,0,0,0,0,0,0,0,0,0,0,0
859,"DTXSID8020913",235,0,0,0,0,0,0,0,0,0,0,0,0,0,0,0,0,0,0,0,0,0,0,0,0,0,0,0,0,0
859,"DTXSID8020913",236,0,0,0,0,0,0,0,0,0,0,0,0,0,0,0,0,0,0,0,0,0,0,0,0,0,0,0,0,0
859,"DTXSID8020913",237,0,0,0,0,0,0,0,0,0,0,0,0,0,0,0,0,0,0,0,0,0,0,0,0,0,0,0,0,0
859,"DTXSID8020913",238,0,0,0,0,0,0,0,0,0,0,0,0,0,0,0,0,0,0,0,0,0,0,0,0,0,0,0,0,0
859,"DTXSID8020913",239,0,0,0,0,0,0,0,0,0,0,0,0,0,0,0,0,0,0,0,0,0,0,0,0,0,0,0,0,0
859,"DTXSID8020913",240,0,0,0,0,0,0,0,0,0,0,0,0,0,0,0,0,0,0,0,0,0,0,0,0,0,0,0,0,0
859,"DTXSID8020913",241,0,0,0,0,0,0,0,0,0,0,0,0,0,0,0,0,0,0,0,0,0,0,0,0,0,0,0,0,0
859,"DTXSID8020913",242,0,0,0,0,0,0,0,0,0,0,0,0,0,0,0,0,0,0,0,0,0,0,0,0,0,0,0,0,0
859,"DTXSID8020913",243,0,0,0,0,0,0,0,0,0,0,0,0,0,0,0,0,0,0,0,0,0,0,0,0,0,0,0,0,0
859,"DTXSID8020913",244,0,0,0,0,0,0,0,0,0,0,0,0,0,0,0,0,0,0,0,0,0,0,0,0,0,0,0,0,0
859,"DTXSID8020913",245,0,0,0,0,0,0,0,0,0,0,0,0,0,0,0,0,0,0,0,0,0,0,0,0,0,0,0,0,0
859,"DTXSID8020913",246,0,0,0,0,0,0,0,0,0,0,0,0,0,0,0,0,0,0,0,0,0,0,0,0,0,0,0,0,0
859,"DTXSID8020913",247,0,0,0,0,0,0,0,0,0,0,0,0,0,0,0,0,0,0,0,0,0,0,0,0,0,0,0,0,0
859,"DTXSID8020913",248,0,0,0,0,0,0,0,0,0,0,0,0,0,0,0,0,0,0,0,0,0,0,0,0,0,0,0,0,0
859,"DTXSID8020913",249,0,0,0,0,0,0,0,0,0,0,0,0,0,0,0,0,0,0,0,0,0,0,0,0,0,0,0,0,0
859,"DTXSID8020913",250,0,0,0,0,0,0,0,0,0,0,0,0,0,0,0,0,0,0,0,0,0,0,0,0,0,0,0,0,0
859,"DTXSID8020913",251,0,0,0,0,0,0,0,0,0,0,0,0,0,0,0,0,0,0,0,0,0,0,0,0,0,0,0,0,0
859,"DTXSID8020913",252,0,0,0,0,0,0,0,0,0,0,0,0,0,0,0,0,0,0,0,0,0,0,0,0,0,0,0,0,0
859,"DTXSID8020913",253,0,0,0,0,0,0,0,0,0,0,0,0,0,0,0,0,0,0,0,0,0,0,0,0,0,0,0,0,0
859,"DTXSID8020913",254,0,0,0,0,0,0,0,0,0,0,0,0,0,0,0,0,0,0,0,0,0,0,0,0,0,0,0,0,0
859,"DTXSID8020913",255,0,0,0,0,0,0,0,0,0,0,0,0,0,0,0,0,0,0,0,0,0,0,0,0,0,0,0,0,0
859,"DTXSID8020913",256,0,0,0,0,0,0,0,0,0,0,0,0,0,0,0,0,0,0,0,0,0,0,0,0,0,0,0,0,0
859,"DTXSID8020913",257,0,0,0,0,0,0,0,0,0,0,0,0,0,0,0,0,0,0,0,0,0,0,0,0,0,0,0,0,0
859,"DTXSID8020913",258,0,0,0,0,0,0,0,0,0,0,0,0,0,0,0,0,0,0,0,0,0,0,0,0,0,0,0,0,0
859,"DTXSID8020913",259,0,0,0,0,0,0,0,0,0,0,0,0,0,0,0,0,0,0,0,0,0,0,0,0,0,0,0,0,0
859,"DTXSID8020913",260,0,0,0,0,0,0,0,0,0,0,0,0,0,0,0,0,0,0,0,0,0,0,0,0,0,0,0,0,0
859,"DTXSID8020913",261,0,0,0,0,0,0,0,0,0,0,0,0,0,0,0,0,0,0,0,0,0,0,0,0,0,0,0,0,0
859,"DTXSID8020913",262,0,0,0,0,0,0,0,0,0,0,0,0,0,0,0,0,0,0,0,0,0,0,0,0,0,0,0,0,0
859,"DTXSID8020913",263,0,0,0,0,0,0,0,0,0,0,0,0,0,0,0,0,0,0,0,0,0,0,0,0,0,0,0,0,0
859,"DTXSID8020913",264,0,0,0,0,0,0,0,0,0,0,0,0,0,0,0,0,0,0,0,0,0,0,0,0,0,0,0,0,0
859,"DTXSID8020913",265,0,0,0,0,0,0,0,0,0,0,0,0,0,0,0,0,0,0,0,0,0,0,0,0,0,0,0,0,0
859,"DTXSID8020913",266,0,0,0,0,0,0,0,0,0,0,0,0,0,0,0,0,0,0,0,0,0,0,0,0,0,0,0,0,0
859,"DTXSID8020913",267,0,0,0,0,0,0,0,0,0,0,0,0,0,0,0,0,0,0,0,0,0,0,0,0,0,0,0,0,0
859,"DTXSID8020913",268,0,0,0,0,0,0,0,0,0,0,0,0,0,0,0,0,0,0,0,0,0,0,0,0,0,0,0,0,0
859,"DTXSID8020913",269,0,0,0,0,0,0,0,0,0,0,0,0,0,0,0,0,0,0,0,0,0,0,0,0,0,0,0,0,0
859,"DTXSID8020913",270,0,0,0,0,0,0,0,0,0,0,0,0,0,0,0,0,0,0,0,0,0,0,0,0,0,0,0,0,0
859,"DTXSID8020913",271,0,0,0,0,0,0,0,0,0,0,0,0,0,0,0,0,0,0,0,0,0,0,0,0,0,0,0,0,0
859,"DTXSID8020913",272,0,0,0,0,0,0,0,0,0,0,0,0,0,0,0,0,0,0,0,0,0,0,0,0,0,0,0,0,0
859,"DTXSID8020913",273,0,0,0,0,0,0,0,0,0,0,0,0,0,0,0,0,0,0,0,0,0,0,0,0,0,0,0,0,0
859,"DTXSID8020913",274,0,0,0,0,0,0,0,0,0,0,0,0,0,0,0,0,0,0,0,0,0,0,0,0,0,0,0,0,0
859,"DTXSID8020913",275,0,0,0,0,0,0,0,0,0,0,0,0,0,0,0,0,0,0,0,0,0,0,0,0,0,0,0,0,0
859,"DTXSID8020913",276,0,0,0,0,0,0,0,0,0,0,0,0,0,0,0,0,0,0,0,0,0,0,0,0,0,0,0,0,0
859,"DTXSID8020913",277,0,0,0,0,0,0,0,0,0,0,0,0,0,0,0,0,0,0,0,0,0,0,0,0,0,0,0,0,0
859,"DTXSID8020913",278,0,0,0,0,0,0,0,0,0,0,0,0,0,0,0,0,0,0,0,0,0,0,0,0,0,0,0,0,0
859,"DTXSID8020913",279,0,0,0,0,0,0,0,0,0,0,0,0,0,0,0,0,0,0,0,0,0,0,0,0,0,0,0,0,0
859,"DTXSID8020913",280,0,0,0,0,0,0,0,0,0,0,0,0,0,0,0,0,0,0,0,0,0,0,0,0,0,0,0,0,0
859,"DTXSID8020913",281,0,0,0,0,0,0,0,0,0,0,0,0,0,0,0,0,0,0,0,0,0,0,0,0,0,0,0,0,0
859,"DTXSID8020913",282,0,0,0,0,0,0,0,0,0,0,0,0,0,0,0,0,0,0,0,0,0,0,0,0,0,0,0,0,0
859,"DTXSID8020913",283,0,0,0,0,0,0,0,0,0,0,0,0,0,0,0,0,0,0,0,0,0,0,0,0,0,0,0,0,0
859,"DTXSID8020913",284,0,0,0,0,0,0,0,0,0,0,0,0,0,0,0,0,0,0,0,0,0,0,0,0,0,0,0,0,0
859,"DTXSID8020913",285,0,0,0,0,0,0,0,0,0,0,0,0,0,0,0,0,0,0,0,0,0,0,0,0,0,0,0,0,0
859,"DTXSID8020913",286,0,0,0,0,0,0,0,0,0,0,0,0,0,0,0,0,0,0,0,0,0,0,0,0,0,0,0,0,0
859,"DTXSID8020913",287,0,0,0,0,0,0,0,0,0,0,0,0,0,0,0,0,0,0,0,0,0,0,0,0,0,0,0,0,0
859,"DTXSID8020913",288,0,0,0,0,0,0,0,0,0,0,0,0,0,0,0,0,0,0,0,0,0,0,0,0,0,0,0,0,0
859,"DTXSID8020913",289,0,0,0,0,0,0,0,0,0,0,0,0,0,0,0,0,0,0,0,0,0,0,0,0,0,0,0,0,0
859,"DTXSID8020913",290,0,0,0,0,0,0,0,0,0,0,0,0,0,0,0,0,0,0,0,0,0,0,0,0,0,0,0,0,0
859,"DTXSID8020913",291,0,0,0,0,0,0,0,0,0,0,0,0,0,0,0,0,0,0,0,0,0,0,0,0,0,0,0,0,0
859,"DTXSID8020913",292,0,0,0,0,0,0,0,0,0,0,0,0,0,0,0,0,0,0,0,0,0,0,0,0,0,0,0,0,0
859,"DTXSID8020913",293,0,0,0,0,0,0,0,0,0,0,0,0,0,0,0,0,0,0,0,0,0,0,0,0,0,0,0,0,0
859,"DTXSID8020913",294,0,0,0,0,0,0,0,0,0,0,0,0,0,0,0,0,0,0,0,0,0,0,0,0,0,0,0,0,0
859,"DTXSID8020913",295,0,0,0,0,0,0,0,0,0,0,0,0,0,0,0,0,0,0,0,0,0,0,0,0,0,0,0,0,0
859,"DTXSID8020913",296,0,0,0,0,0,0,0,0,0,0,0,0,0,0,0,0,0,0,0,0,0,0,0,0,0,0,0,0,0
859,"DTXSID8020913",297,0,0,0,0,0,0,0,0,0,0,0,0,0,0,0,0,0,0,0,0,0,0,0,0,0,0,0,0,0
859,"DTXSID8020913",298,0,0,0,0,0,0,0,0,0,0,0,0,0,0,0,0,0,0,0,0,0,0,0,0,0,0,0,0,0
859,"DTXSID8020913",299,0,0,0,0,0,0,0,0,0,0,0,0,0,0,0,0,0,0,0,0,0,0,0,0,0,0,0,0,0
859,"DTXSID8020913",300,0,0,0,0,0,0,0,0,0,0,0,0,0,0,0,0,0,0,0,0,0,0,0,0,0,0,0,0,0
859,"DTXSID8020913",301,0,0,0,0,0,0,0,0,0,0,0,0,0,0,0,0,0,0,0,0,0,0,0,0,0,0,0,0,0
859,"DTXSID8020913",302,0,0,0,0,0,0,0,0,0,0,0,0,0,0,0,0,0,0,0,0,0,0,0,0,0,0,0,0,0
859,"DTXSID8020913",303,0,0,0,0,0,0,0,0,0,0,0,0,0,0,0,0,0,0,0,0,0,0,0,0,0,0,0,0,0
859,"DTXSID8020913",304,0,0,0,0,0,0,0,0,0,0,0,0,0,0,0,0,0,0,0,0,0,0,0,0,0,0,0,0,0
859,"DTXSID8020913",305,0,0,0,0,0,0,0,0,0,0,0,0,0,0,0,0,0,0,0,0,0,0,0,0,0,0,0,0,0
859,"DTXSID8020913",306,0,0,0,0,0,0,0,0,0,0,0,0,0,0,0,0,0,0,0,0,0,0,0,0,0,0,0,0,0
859,"DTXSID8020913",307,0,0,0,0,0,0,0,0,0,0,0,0,0,0,0,0,0,0,0,0,0,0,0,0,0,0,0,0,0
859,"DTXSID8020913",308,0,0,0,0,0,0,0,0,0,0,0,0,0,0,0,0,0,0,0,0,0,0,0,0,0,0,0,0,0
859,"DTXSID8020913",309,0,0,0,0,0,0,0,0,0,0,0,0,0,0,0,0,0,0,0,0,0,0,0,0,0,0,0,0,0
859,"DTXSID8020913",310,0,0,0,0,0,0,0,0,0,0,0,0,0,0,0,0,0,0,0,0,0,0,0,0,0,0,0,0,0
859,"DTXSID8020913",311,0,0,0,0,0,0,0,0,0,0,0,0,0,0,0,0,0,0,0,0,0,0,0,0,0,0,0,0,0
859,"DTXSID8020913",312,0,0,0,0,0,0,0,0,0,0,0,0,0,0,0,0,0,0,0,0,0,0,0,0,0,0,0,0,0
859,"DTXSID8020913",313,0,0,0,0,0,0,0,0,0,0,0,0,0,0,0,0,0,0,0,0,0,0,0,0,0,0,0,0,0
859,"DTXSID8020913",314,0,0,0,0,0,0,0,0,0,0,0,0,0,0,0,0,0,0,0,0,0,0,0,0,0,0,0,0,0
859,"DTXSID8020913",315,0,0,0,0,0,0,0,0,0,0,0,0,0,0,0,0,0,0,0,0,0,0,0,0,0,0,0,0,0
859,"DTXSID8020913",316,0,0,0,0,0,0,0,0,0,0,0,0,0,0,0,0,0,0,0,0,0,0,0,0,0,0,0,0,0
859,"DTXSID8020913",317,0,0,0,0,0,0,0,0,0,0,0,0,0,0,0,0,0,0,0,0,0,0,0,0,0,0,0,0,0
859,"DTXSID8020913",318,0,0,0,0,0,0,0,0,0,0,0,0,0,0,0,0,0,0,0,0,0,0,0,0,0,0,0,0,0
859,"DTXSID8020913",319,0,0,0,0,0,0,0,0,0,0,0,0,0,0,0,0,0,0,0,0,0,0,0,0,0,0,0,0,0
859,"DTXSID8020913",320,0,0,0,0,0,0,0,0,0,0,0,0,0,0,0,0,0,0,0,0,0,0,0,0,0,0,0,0,0
859,"DTXSID8020913",321,0,0,0,0,0,0,0,0,0,0,0,0,0,0,0,0,0,0,0,0,0,0,0,0,0,0,0,0,0
859,"DTXSID8020913",322,0,0,0,0,0,0,0,0,0,0,0,0,0,0,0,0,0,0,0,0,0,0,0,0,0,0,0,0,0
859,"DTXSID8020913",323,0,0,0,0,0,0,0,0,0,0,0,0,0,0,0,0,0,0,0,0,0,0,0,0,0,0,0,0,0
859,"DTXSID8020913",324,0,0,0,0,0,0,0,0,0,0,0,0,0,0,0,0,0,0,0,0,0,0,0,0,0,0,0,0,0
859,"DTXSID8020913",325,0,0,0,0,0,0,0,0,0,0,0,0,0,0,0,0,0,0,0,0,0,0,0,0,0,0,0,0,0
859,"DTXSID8020913",326,0,0,0,0,0,0,0,0,0,0,0,0,0,0,0,0,0,0,0,0,0,0,0,0,0,0,0,0,0
859,"DTXSID8020913",327,0,0,0,0,0,0,0,0,0,0,0,0,0,0,0,0,0,0,0,0,0,0,0,0,0,0,0,0,0
859,"DTXSID8020913",328,0,0,0,0,0,0,0,0,0,0,0,0,0,0,0,0,0,0,0,0,0,0,0,0,0,0,0,0,0
859,"DTXSID8020913",329,0,0,0,0,0,0,0,0,0,0,0,0,0,0,0,0,0,0,0,0,0,0,0,0,0,0,0,0,0
859,"DTXSID8020913",330,0,0,0,0,0,0,0,0,0,0,0,0,0,0,0,0,0,0,0,0,0,0,0,0,0,0,0,0,0
859,"DTXSID8020913",331,0,0,0,0,0,0,0,0,0,0,0,0,0,0,0,0,0,0,0,0,0,0,0,0,0,0,0,0,0
859,"DTXSID8020913",332,0,0,0,0,0,0,0,0,0,0,0,0,0,0,0,0,0,0,0,0,0,0,0,0,0,0,0,0,0
859,"DTXSID8020913",333,0,0,0,0,0,0,0,0,0,0,0,0,0,0,0,0,0,0,0,0,0,0,0,0,0,0,0,0,0
859,"DTXSID8020913",334,0,0,0,0,0,0,0,0,0,0,0,0,0,0,0,0,0,0,0,0,0,0,0,0,0,0,0,0,0
859,"DTXSID8020913",335,0,0,0,0,0,0,0,0,0,0,0,0,0,0,0,0,0,0,0,0,0,0,0,0,0,0,0,0,0
859,"DTXSID8020913",336,0,0,0,0,0,0,0,0,0,0,0,0,0,0,0,0,0,0,0,0,0,0,0,0,0,0,0,0,0
859,"DTXSID8020913",337,0,0,0,0,0,0,0,0,0,0,0,0,0,0,0,0,0,0,0,0,0,0,0,0,0,0,0,0,0
859,"DTXSID8020913",338,0,0,0,0,0,0,0,0,0,0,0,0,0,0,0,0,0,0,0,0,0,0,0,0,0,0,0,0,0
859,"DTXSID8020913",339,0,0,0,0,0,0,0,0,0,0,0,0,0,0,0,0,0,0,0,0,0,0,0,0,0,0,0,0,0
859,"DTXSID8020913",340,0,0,0,0,0,0,0,0,0,0,0,0,0,0,0,0,0,0,0,0,0,0,0,0,0,0,0,0,0
859,"DTXSID8020913",341,0,0,0,0,0,0,0,0,0,0,0,0,0,0,0,0,0,0,0,0,0,0,0,0,0,0,0,0,0
859,"DTXSID8020913",342,0,0,0,0,0,0,0,0,0,0,0,0,0,0,0,0,0,0,0,0,0,0,0,0,0,0,0,0,0
859,"DTXSID8020913",343,0,0,0,0,0,0,0,0,0,0,0,0,0,0,0,0,0,0,0,0,0,0,0,0,0,0,0,0,0
859,"DTXSID8020913",344,0,0,0,0,0,0,0,0,0,0,0,0,0,0,0,0,0,0,0,0,0,0,0,0,0,0,0,0,0
859,"DTXSID8020913",345,0,0,0,0,0,0,0,0,0,0,0,0,0,0,0,0,0,0,0,0,0,0,0,0,0,0,0,0,0
859,"DTXSID8020913",346,0,0,0,0,0,0,0,0,0,0,0,0,0,0,0,0,0,0,0,0,0,0,0,0,0,0,0,0,0
859,"DTXSID8020913",347,0,0,0,0,0,0,0,0,0,0,0,0,0,0,0,0,0,0,0,0,0,0,0,0,0,0,0,0,0
859,"DTXSID8020913",348,0,0,0,0,0,0,0,0,0,0,0,0,0,0,0,0,0,0,0,0,0,0,0,0,0,0,0,0,0
859,"DTXSID8020913",349,0,0,0,0,0,0,0,0,0,0,0,0,0,0,0,0,0,0,0,0,0,0,0,0,0,0,0,0,0
859,"DTXSID8020913",350,0,0,0,0,0,0,0,0,0,0,0,0,0,0,0,0,0,0,0,0,0,0,0,0,0,0,0,0,0
859,"DTXSID8020913",351,0,0,0,0,0,0,0,0,0,0,0,0,0,0,0,0,0,0,0,0,0,0,0,0,0,0,0,0,0
859,"DTXSID8020913",352,0,0,0,0,0,0,0,0,0,0,0,0,0,0,0,0,0,0,0,0,0,0,0,0,0,0,0,0,0
859,"DTXSID8020913",353,0,0,0,0,0,0,0,0,0,0,0,0,0,0,0,0,0,0,0,0,0,0,0,0,0,0,0,0,0
859,"DTXSID8020913",354,0,0,0,0,0,0,0,0,0,0,0,0,0,0,0,0,0,0,0,0,0,0,0,0,0,0,0,0,0
859,"DTXSID8020913",355,0,0,0,0,0,0,0,0,0,0,0,0,0,0,0,0,0,0,0,0,0,0,0,0,0,0,0,0,0
859,"DTXSID8020913",356,0,0,0,0,0,0,0,0,0,0,0,0,0,0,0,0,0,0,0,0,0,0,0,0,0,0,0,0,0
859,"DTXSID8020913",357,0,0,0,0,0,0,0,0,0,0,0,0,0,0,0,0,0,0,0,0,0,0,0,0,0,0,0,0,0
859,"DTXSID8020913",358,0,0,0,0,0,0,0,0,0,0,0,0,0,0,0,0,0,0,0,0,0,0,0,0,0,0,0,0,0
859,"DTXSID8020913",359,0,0,0,0,0,0,0,0,0,0,0,0,0,0,0,0,0,0,0,0,0,0,0,0,0,0,0,0,0
859,"DTXSID8020913",360,0,0,0,0,0,0,0,0,0,0,0,0,0,0,0,0,0,0,0,0,0,0,0,0,0,0,0,0,0
859,"DTXSID8020913",361,0,0,0,0,0,0,0,0,0,0,0,0,0,0,0,0,0,0,0,0,0,0,0,0,0,0,0,0,0
859,"DTXSID8020913",362,0,0,0,0,0,0,0,0,0,0,0,0,0,0,0,0,0,0,0,0,0,0,0,0,0,0,0,0,0
859,"DTXSID8020913",363,0,0,0,0,0,0,0,0,0,0,0,0,0,0,0,0,0,0,0,0,0,0,0,0,0,0,0,0,0
859,"DTXSID8020913",364,0,0,0,0,0,0,0,0,0,0,0,0,0,0,0,0,0,0,0,0,0,0,0,0,0,0,0,0,0
